Medidor	Ind	AFtot_abs	AFrel_abs	Dens	ABtotal	ABmedia	Hmax	Hmedia
Andreza	11	1.413	0.0401877701	5	38.1711361393	7.6342272279	279	212.6
Andreza	12	1.2878666667	0.0476951653	3	17.9353524593	5.9784508198	253	196
Andreza	13	1.9686	0.077940926	2	2.5567066413	1.2783533207	109	99
Andreza	14	1.091	0.0311901949	5	12.6545708281	2.5309141656	169	138.2
Andreza	15	0.7208666667	0.0427194454	5	15.695553977	3.1391107954	177	137.6
Andreza	16	0.8363333333	0.0352631057	4	6.6443899225	1.6610974806	147	132.75
Andreza	17	2.1463333333	0.053187413	6	20.7231232403	3.4538538734	210	164
Andreza	18	1.12525	0.0660240247	2	3.4020306846	1.7010153423	144	141.5
Andreza	19	1.6309333333	0.0589140124	12	45.12418754	3.7603489617	295	181.135
Andreza	20	3.5763333333	0.0729968665	1	1.6512996385	1.6512996385	133	133
Andreza	21	2.849	0.0703881287	4	112.9347581094	28.2336895274	382	225
Andreza	22	2.217	0.0447393381	7	34.5844583465	4.9406369066	272	216.4285714286
Andreza	23	2.3912666667	0.0598917651	1	43.1247208956	43.1247208956	300	300
Andreza	24	0.8122	0.0547758844	1	1.5393804003	1.5393804003	127	127
Andreza	25	1.5763333333	0.0370738884	4	17.211529512	4.302882378	234	201.5
Andreza	26	1.3424	0.0375638747	1	3.1415926536	3.1415926536	224	224
Andreza	27	1.5304	0.0390148889	2	10.5321893712	5.2660946856	264	214
Andreza	28	2.3806	0.0578694714	3	15.4416347507	5.1472115836	231	213.3333333333
Andreza	29	1.5826	0.0424449256	5	10.6335057342	2.1267011468	240	196.4
Andreza	30	1.4078666667	0.0499714306	1	3.1730871199	3.1730871199	234	234
Andreza	31	1.4215333333	0.039284859	2	64.7995110906	32.3997555453	387	306
Andreza	32	1.2287142857	0.0405228115	6	95.3038259782	15.8839709964	492	359.8333333333
Andreza	33	1.7115	0.0542643926	5	160.8952540369	32.1790508074	462	436.6
Andreza	34	1.9678	0.0381757168	1	12.1303960939	12.1303960939	247	247
Andreza	35	2.0533333333	0.0384889243	7	38.2608286095	5.4658326585	270	211.5714285714
Andreza	36	1.8936666667	0.0473155456	2	6.1359231515	3.0679615758	204	183
Andreza	37	2.2922666667	0.05962151	1	2.4328493509	2.4328493509	92	92
Andreza	38	2.1466666667	0.0553624952	4	33.4948754744	8.3737188686	255	176.5
Andreza	39	2.0725333333	0.0480130137	2	5.9143623296	2.9571811648	213	188
Andreza	40	2.0886666667	0.0391584773	4	31.8504873397	7.9626218349	226	165.75
Andreza	41	1.6858666667	0.0578998326	5	34.9303476977	6.9860695395	295	223.8
Andreza	42	1.1977333333	0.0426282587	4	20.7543820872	5.1885955218	172	158
Andreza	43	0.6809333333	0.0403035816	1	9.0258742336	9.0258742336	133	133
Andreza	44	1.804	0.0510823563	2	38.3290797099	19.164539855	270	193
Andreza	45	1.991	0.0780270586	4	64.7919712682	16.197992817	255	183.25
Andreza	46	2.0739333333	0.061517108	5	15.3811590922	3.0762318184	192	147.8
Andreza	47	1.8314	0.0658259389	5	16.2858592366	3.2571718473	210	136.6
Andreza	48	2.0149333333	0.0726066603	9	24.0692335757	2.6743592862	215	145.4444444444
Andreza	49	2.92	0.0669668982	3	12.8403960336	4.2801320112	210	168.3333333333
Andreza	50	2.0932	0.0437289897	6	16.5450406305	2.7575067717	196	114
Andreza	51	0.726	0.0310808381	11	16.3500262665	1.4863660242	173	103.3636363636
Andreza	52	1.5427333333	0.0448592133	1	11.5209271191	11.5209271191	257	257
Andreza	53	1.7348	0.0469411832	5	12.6877931704	2.5375586341	220	174.4
Andreza	54	2.1413333333	0.0484190074	8	19.6623644808	2.4577955601	205	151.125
Andreza	55	1.3112	0.0414706273	6	21.306988235	3.5511647058	162	116
Andreza	56	1.6850666667	0.0447616337	7	19.1748678408	2.7392668344	196	131.7142857143
Andreza	57	0.8735333333	0.045727011	3	8.8543432747	2.9514477582	139	92.6666666667
Andreza	58	0.5511333333	0.0307995266	14	18.9116023764	1.3508287412	153	75.5
Andreza	59	0.9862666667	0.0719481884	5	51.1942157857	10.2388431571	174	140.2
Andreza	60	0.943	0.0834934079	1	1.7671458676	1.7671458676	89	89
Andreza	61	2.3057333333	0.0546123596	6	25.8666958124	4.3111159687	210	157.5
Andreza	63	2.0874666667	0.0544869134	6	8.409022516	1.4015037527	185	112.8333333333
Andreza	64	0.943	0.0458171286	2	2.1433515879	1.071675794	113	75
Andreza	65	1.5569333333	0.049507486	4	7.5296121925	1.8824030481	135	82.5
Andreza	66	2.2718	0.0473731942	4	10.5187590626	2.6296897656	209	134
Andreza	67	1.2021333333	0.032141336	1	1.8869190876	1.8869190876	172	172
Andreza	68	2.2812	0.0416129037	5	20.3567349971	4.0713469994	245	197.4
Andreza	69	2.4657333333	0.0666506553	1	21.8956441585	21.8956441585	195	195
Andreza	70	1.7463333333	0.0351324109	1	2.4052818754	2.4052818754	150	150
Andreza	71	2.4438	0.0520021639	4	12.5905608778	3.1476402194	195	155.75
Andreza	72	2.2457272727	0.0676325518	7	13.7100674199	1.95858106	117	95.8571428571
Andreza	73	1.2656666667	0.0489942872	3	81.1062619183	27.0354206394	190	174.6666666667
Andreza	74	1.8492666667	0.0500696266	1	3.3006357817	3.3006357817	190	190
Andreza	75	2.2682	0.0540872728	4	10.1844150644	2.5461037661	185	143.25
Andreza	76	2.2509333333	0.0558121733	7	7.6428666077	1.0918380868	215	94
Andreza	77	1.8759333333	0.047076172	2	7.1453168711	3.5726584356	174	156
Andreza	78	1.7644666667	0.0618753051	5	10.6060167985	2.1212033597	165	125
Andreza	79	2.469	0.0545892445	5	11.6571937004	2.3314387401	225	131.6
Andreza	80	2.233	0.0570902082	3	4.1197275263	1.3732425088	170	150.6666666667
Luiz	11	1.4808764	0.0407927566	5	38.1711361393	7.6342272279	279	212.6
Luiz	12	1.5832296	0.0525169446	3	17.9353524593	5.9784508198	253	196
Luiz	13	2.3730626	0.0844191528	2	2.5567066413	1.2783533207	109	99
Luiz	14	1.0732808	0.0315755842	5	12.6545708281	2.5309141656	169	138.2
Luiz	15	0.775909	0.0412501462	5	15.695553977	3.1391107954	177	137.6
Luiz	16	0.7986122	0.03072901	4	6.6443899225	1.6610974806	147	132.75
Luiz	17	2.2539534	0.0537076636	6	20.7231232403	3.4538538734	210	164
Luiz	18	1.138287	0.0657361869	2	3.4020306846	1.7010153423	144	141.5
Luiz	19	1.6489438	0.0588404762	12	45.12418754	3.7603489617	295	181.135
Luiz	20	3.6711688	0.07330584	1	1.6512996385	1.6512996385	133	133
Luiz	21	2.786806	0.0667293225	4	112.9347581094	28.2336895274	382	225
Luiz	22	2.303301	0.0459797167	7	34.5844583465	4.9406369066	272	216.4285714286
Luiz	23	2.5128218	0.0592703832	1	43.1247208956	43.1247208956	300	300
Luiz	24	0.8572936	0.0565493697	1	1.5393804003	1.5393804003	127	127
Luiz	25	1.5274746	0.0351934224	4	17.211529512	4.302882378	234	201.5
Luiz	26	1.3545692	0.037693341	1	3.1415926536	3.1415926536	224	224
Luiz	27	1.5600426	0.0388451401	2	10.5321893712	5.2660946856	264	214
Luiz	28	2.406669	0.0570651067	3	15.4416347507	5.1472115836	231	213.3333333333
Luiz	29	1.7060912	0.0450428094	5	10.6335057342	2.1267011468	240	196.4
Luiz	30	1.3220838	0.0456997651	1	3.1730871199	3.1730871199	234	234
Luiz	31	1.5045944	0.0393477101	2	64.7995110906	32.3997555453	387	306
Luiz	32	1.2223148	0.0389123795	6	95.3038259782	15.8839709964	492	359.8333333333
Luiz	33	1.4058402	0.0559630904	5	160.8952540369	32.1790508074	462	436.6
Luiz	34	2.027063	0.0380975672	1	12.1303960939	12.1303960939	247	247
Luiz	35	1.843514	0.0332515373	7	38.2608286095	5.4658326585	270	211.5714285714
Luiz	36	1.9267748	0.0466293233	2	6.1359231515	3.0679615758	204	183
Luiz	37	2.2713938	0.0575764215	1	2.4328493509	2.4328493509	92	92
Luiz	38	2.0452586	0.0515350371	4	33.4948754744	8.3737188686	255	176.5
Luiz	39	1.9890788	0.0458603934	2	5.9143623296	2.9571811648	213	188
Luiz	40	2.1812536	0.0404745805	4	31.8504873397	7.9626218349	226	165.75
Luiz	41	1.7517572	0.0585485059	5	34.9303476977	6.9860695395	295	223.8
Luiz	42	1.1787728	0.0416959451	4	20.7543820872	5.1885955218	172	158
Luiz	43	0.761985	0.0442719896	1	9.0258742336	9.0258742336	133	133
Luiz	44	1.8312066	0.0509872576	2	38.3290797099	19.164539855	270	193
Luiz	45	2.0125608	0.0763847737	4	64.7919712682	16.197992817	255	183.25
Luiz	46	2.1048722	0.0606952694	5	15.3811590922	3.0762318184	192	147.8
Luiz	47	1.7420104	0.0624474145	5	16.2858592366	3.2571718473	210	136.6
Luiz	48	2.0408336	0.0719144457	9	24.0692335757	2.6743592862	215	145.4444444444
Luiz	49	2.9940022	0.0661664518	3	12.8403960336	4.2801320112	210	168.3333333333
Luiz	50	2.1469274	0.0435928505	6	16.5450406305	2.7575067717	196	114
Luiz	51	0.880929	0.0361226761	11	16.3500262665	1.4863660242	173	103.3636363636
Luiz	52	1.6074432	0.0471849854	1	11.5209271191	11.5209271191	257	257
Luiz	53	1.7633094	0.0468784263	5	12.6877931704	2.5375586341	220	174.4
Luiz	54	2.1150438	0.0461002601	8	19.6623644808	2.4577955601	205	151.125
Luiz	55	1.2685944	0.0398033673	6	21.306988235	3.5511647058	162	116
Luiz	56	1.8235012	0.0475661912	7	19.1748678408	2.7392668344	196	131.7142857143
Luiz	57	0.9356692	0.0463015193	3	8.8543432747	2.9514477582	139	92.6666666667
Luiz	58	0.6677266	0.0343885901	14	18.9116023764	1.3508287412	153	75.5
Luiz	59	1.0003332	0.0691108931	5	51.1942157857	10.2388431571	174	140.2
Luiz	60	0.8943928	0.07674174	1	1.7671458676	1.7671458676	89	89
Luiz	61	2.3052834	0.0532938638	6	25.8666958124	4.3111159687	210	157.5
Luiz	63	1.608576	0.0537182338	6	8.409022516	1.4015037527	185	112.8333333333
Luiz	64	0.6789012	0.0427887976	2	2.1433515879	1.071675794	113	75
Luiz	65	1.2428232	0.0499160305	4	7.5296121925	1.8824030481	135	82.5
Luiz	66	2.5600926	0.0508678394	4	10.5187590626	2.6296897656	209	134
Luiz	67	1.1956468	0.0317895307	1	1.8869190876	1.8869190876	172	172
Luiz	68	2.341592	0.0417657281	5	20.3567349971	4.0713469994	245	197.4
Luiz	69	2.5466288	0.0669055474	1	21.8956441585	21.8956441585	195	195
Luiz	70	1.9124968	0.0378598997	1	2.4052818754	2.4052818754	150	150
Luiz	71	2.5458146	0.0519056495	4	12.5905608778	3.1476402194	195	155.75
Luiz	72	2.2364776	0.0807091882	7	13.7100674199	1.95858106	117	95.8571428571
Luiz	73	1.402666	0.0546851664	3	81.1062619183	27.0354206394	190	174.6666666667
Luiz	74	1.9388698	0.0515268786	1	3.3006357817	3.3006357817	190	190
Luiz	75	2.28035	0.052228618	4	10.1844150644	2.5461037661	185	143.25
Luiz	76	2.4057486	0.0578315072	7	7.6428666077	1.0918380868	215	94
Luiz	77	1.8768254	0.0454608981	2	7.1453168711	3.5726584356	174	156
Luiz	78	1.9233528	0.0650881368	5	10.6060167985	2.1212033597	165	125
Luiz	79	2.5272178	0.0539705902	5	11.6571937004	2.3314387401	225	131.6
Luiz	80	2.3291666	0.058165962	3	4.1197275263	1.3732425088	170	150.6666666667
Pavel	11	1.3961333333	0.0396758164	5	38.1711361393	7.6342272279	279	212.6
Pavel	12	1.2856666667	0.0484603848	3	17.9353524593	5.9784508198	253	196
Pavel	13	2.0031333333	0.0797552863	2	2.5567066413	1.2783533207	109	99
Pavel	14	1.1285333333	0.0310266677	5	12.6545708281	2.5309141656	169	138.2
Pavel	15	0.7426	0.0427318417	5	15.695553977	3.1391107954	177	137.6
Pavel	16	0.7903333333	0.0326874825	4	6.6443899225	1.6610974806	147	132.75
Pavel	17	2.1568666667	0.0535903576	6	20.7231232403	3.4538538734	210	164
Pavel	18	1.0635625	0.0631763319	2	3.4020306846	1.7010153423	144	141.5
Pavel	19	1.5494	0.0565048312	12	45.12418754	3.7603489617	295	181.135
Pavel	20	3.6554666667	0.0742150331	1	1.6512996385	1.6512996385	133	133
Pavel	21	2.8094666667	0.0696990598	4	112.9347581094	28.2336895274	382	225
Pavel	22	2.3445333333	0.0481545037	7	34.5844583465	4.9406369066	272	216.4285714286
Pavel	23	2.469	0.0608228864	1	43.1247208956	43.1247208956	300	300
Pavel	24	0.7898666667	0.0529299432	1	1.5393804003	1.5393804003	127	127
Pavel	25	1.624	0.0377899702	4	17.211529512	4.302882378	234	201.5
Pavel	26	1.3208	0.037174889	1	3.1415926536	3.1415926536	224	224
Pavel	27	1.3742666667	0.0354356878	2	10.5321893712	5.2660946856	264	214
Pavel	28	2.4268	0.0599036071	3	15.4416347507	5.1472115836	231	213.3333333333
Pavel	29	1.5254	0.041142753	5	10.6335057342	2.1267011468	240	196.4
Pavel	30	1.3824666667	0.0493944609	1	3.1730871199	3.1730871199	234	234
Pavel	31	2.5748571429	0.0533761874	2	64.7995110906	32.3997555453	387	306
Pavel	32	1.3502307692	0.044531963	6	95.3038259782	15.8839709964	492	359.8333333333
Pavel	33	1.7135333333	0.0549891089	5	160.8952540369	32.1790508074	462	436.6
Pavel	34	1.9599333333	0.0374326463	1	12.1303960939	12.1303960939	247	247
Pavel	35	2.0414666667	0.0383709078	7	38.2608286095	5.4658326585	270	211.5714285714
Pavel	36	1.8562	0.0466689396	2	6.1359231515	3.0679615758	204	183
Pavel	37	2.2735333333	0.0594292749	1	2.4328493509	2.4328493509	92	92
Pavel	38	2.1552	0.0561078369	4	33.4948754744	8.3737188686	255	176.5
Pavel	39	2.0120666667	0.0473982698	2	5.9143623296	2.9571811648	213	188
Pavel	40	1.9642142857	0.0377006208	4	31.8504873397	7.9626218349	226	165.75
Pavel	41	1.7426666667	0.0601406807	5	34.9303476977	6.9860695395	295	223.8
Pavel	42	1.2374	0.0440042108	4	20.7543820872	5.1885955218	172	158
Pavel	43	0.7114	0.0421328924	1	9.0258742336	9.0258742336	133	133
Pavel	44	1.8393333333	0.0528732782	2	38.3290797099	19.164539855	270	193
Pavel	45	2.0881333333	0.0819476747	4	64.7919712682	16.197992817	255	183.25
Pavel	46	2.1021333333	0.0620818812	5	15.3811590922	3.0762318184	192	147.8
Pavel	47	1.789	0.065690386	5	16.2858592366	3.2571718473	210	136.6
Pavel	48	2.0056666667	0.0735628767	9	24.0692335757	2.6743592862	215	145.4444444444
Pavel	49	2.9374666667	0.0667669884	3	12.8403960336	4.2801320112	210	168.3333333333
Pavel	50	2.1950666667	0.0459258453	6	16.5450406305	2.7575067717	196	114
Pavel	51	0.8630666667	0.0361694455	11	16.3500262665	1.4863660242	173	103.3636363636
Pavel	52	2.513	0.0671312378	1	11.5209271191	11.5209271191	257	257
Pavel	53	4.8283333333	0.1228374359	5	12.6877931704	2.5375586341	220	174.4
Pavel	54	3.1360666667	0.077016779	8	19.6623644808	2.4577955601	205	151.125
Pavel	55	1.2051333333	0.0381820363	6	21.306988235	3.5511647058	162	116
Pavel	56	1.8435333333	0.048974516	7	19.1748678408	2.7392668344	196	131.7142857143
Pavel	57	0.8828	0.0467917628	3	8.8543432747	2.9514477582	139	92.6666666667
Pavel	58	0.5820666667	0.0321548124	14	18.9116023764	1.3508287412	153	75.5
Pavel	59	0.9610666667	0.0693738833	5	51.1942157857	10.2388431571	174	140.2
Pavel	60	0.9334666667	0.082614665	1	1.7671458676	1.7671458676	89	89
Pavel	61	2.2229333333	0.0527956834	6	25.8666958124	4.3111159687	210	157.5
Pavel	63	2.1492	0.0557457223	6	8.409022516	1.4015037527	185	112.8333333333
Pavel	64	0.9618666667	0.0467169986	2	2.1433515879	1.071675794	113	75
Pavel	65	1.5372	0.0506018159	4	7.5296121925	1.8824030481	135	82.5
Pavel	66	2.4993333333	0.0520976921	4	10.5187590626	2.6296897656	209	134
Pavel	67	1.1806666667	0.0315569129	1	1.8869190876	1.8869190876	172	172
Pavel	68	2.2454666667	0.0408240959	5	20.3567349971	4.0713469994	245	197.4
Pavel	69	2.5250666667	0.068245736	1	21.8956441585	21.8956441585	195	195
Pavel	70	1.8124666667	0.0359768402	1	2.4052818754	2.4052818754	150	150
Pavel	71	2.4849333333	0.0523323998	4	12.5905608778	3.1476402194	195	155.75
Pavel	72	2.3077272727	0.0692913749	7	13.7100674199	1.95858106	117	95.8571428571
Pavel	73	1.3435333333	0.0522918436	3	81.1062619183	27.0354206394	190	174.6666666667
Pavel	74	1.9003333333	0.0519325251	1	3.3006357817	3.3006357817	190	190
Pavel	75	2.2514	0.0542037092	4	10.1844150644	2.5461037661	185	143.25
Pavel	76	2.2994	0.0575250508	7	7.6428666077	1.0918380868	215	94
Pavel	77	1.8498666667	0.0466687548	2	7.1453168711	3.5726584356	174	156
Pavel	78	1.7801333333	0.0623324728	5	10.6060167985	2.1212033597	165	125
Pavel	79	2.5087333333	0.0560109257	5	11.6571937004	2.3314387401	225	131.6
Pavel	80	2.2856666667	0.0589948576	3	4.1197275263	1.3732425088	170	150.6666666667
