Altitude
864
864
864
864
864
864
864
864
864
864
864
863
863
863
863
863
863
863
863
863
863
863
863
863
863
863
863
863
863
863
863
863
863
863
863
863
863
863
863
863
863
863
863
863
863
863
863
863
863
863
863
863
863
863
863
863
863
863
863
863
863
863
863
863
863
863
863
863
863
863
863
863
863
863
863
863
863
863
863
863
863
863
863
863
863
863
863
863
863
863
863
863
863
863
863
863
863
863
863
863
863
863
863
863
863
863
863
863
863
863
863
863
863
862
862
862
862
862
862
862
862
862
862
861
861
861
861
861
861
861
861
861
861
861
861
860
860
860
860
860
860
860
860
859
859
859
859
859
859
859
859
858
858
858
858
857
857
857
857
857
857
857
857
857
857
857
857
857
857
857
857
857
857
857
857
857
857
857
857
857
857
857
857
857
858
858
858
858
858
858
858
858
858
858
858
858
858
858
858
858
858
858
858
858
858
858
858
858
858
858
858
858
858
858
858
858
858
858
858
858
858
858
858
858
858
858
858
858
858
858
858
858
858
858
858
858
858
858
859
859
859
859
859
860
860
860
860
860
861
861
861
861
861
861
861
861
861
861
862
862
862
862
862
862
862
862
862
862
862
862
862
863
863
863
863
863
863
863
863
863
863
863
863
863
864
864
864
864
864
864
864
864
864
864
864
864
864
864
865
865
865
