Altitude
852
852
852
852
852
852
852
852
852
852
852
852
852.5
852.5
852.5
852.5
852.5
853
853
853
853
853
853.5
853.5
853.5
853.5
853.5
854
854
854
854
854
854
854
854
854
854
855
855
855
855
855
855
855
855
855
855
855.5
855.5
855.5
855.5
855.5
856
856
856
856
856
857
857
857
857
857
857
857
857
857
857
857.5
857.5
857.5
857.5
857.5
857.5
857.5
857.5
857.5
857.5
858.5
858.5
858.5
858.5
858.5
858.5
858.5
858.5
858.5
858.5
859
859
859
859
859
859.5
859.5
859.5
859.5
859.5
860
860
860
860
860
860
860
860
860
860
860.5
860.5
860.5
860.5
860.5
860.5
860.5
860.5
860.5
860.5
860.5
860.5
860.5
860.5
860.5
860.5
860.5
860.5
860.5
860.5
861
861
861
861
861
861
861
861
861
861
862
862
862
862
862
862
862
862
862
862
862
862
862
862
862
862.5
862.5
862.5
862.5
862.5
863
863
863
863
863
863
863
863
863
863
863.5
863.5
863.5
863.5
863.5
863.5
863.5
863.5
863.5
863.5
864
864
864
864
864
864
864
864
864
864
864.5
864.5
864.5
864.5
864.5
864.5
864.5
864.5
864.5
864.5
865
865
865
865
865
865
865
865
865
865
865
865
865
865
865
865
865
865
865
865
866
866
866
866
866
865.5
865.5
865.5
865.5
865.5
865.5
865.5
865.5
865.5
865.5
865.5
865.5
865.5
865.5
865.5
866
866
866
866
866
866.5
866.5
866.5
866.5
866.5
866.5
866.5
866.5
866.5
866.5
866.5
866.5
866.5
866.5
866.5
866.5
866.5
866.5
866.5
866.5
866.5
866.5
866.5
866.5
866.5
867.5
867.5
867.5
867.5
867.5
867.5
867.5
867.5
867.5
867.5
867.5
867.5
867.5
867.5
867.5
868
868
868
868
868
868.5
868.5
868.5
868.5
868.5
868.5
868.5
868.5
868.5
868.5
868.5
868.5
868.5
868.5
868.5
869.5
869.5
869.5
869.5
869.5
869.5
869.5
869.5
869.5
869.5
869.5
869.5
869.5
869.5
869.5
869.5
869.5
869.5
869.5
869.5
869.5
869.5
869.5
869.5
869.5
870
870
870
870
870
870
870
870
870
870
869
869
869
869
869
870
870
870
870
870
870
870
870
870
870
871
871
871
871
871
871
871
871
871
871
872
872
872
872
872
872
872
872
872
872
872
872
872
872
872
872
872
872
872
872
872
872
872
872
872
872
872
872
872
872
873
873
873
873
873
873
873
873
873
873
873
873
873
873
873
872
872
872
872
872
874
874
874
874
874
874
874
874
874
874
874.5
874.5
874.5
874.5
874.5
874.5
874.5
874.5
874.5
874.5
874.5
874.5
874.5
874.5
874.5
874.5
874.5
874.5
874.5
874.5
875
875
875
875
875
875
875
875
875
875
875
875
875
875
875
875
875
875
875
875
875
875
875
875
875
875
875
875
875
875
875.5
875.5
875.5
875.5
875.5
875
875
875
875
875
875
875
875
875
875
875
875
875
875
875
875.5
875.5
875.5
875.5
875.5
875.5
875.5
875.5
875.5
875.5
876
876
876
876
876
876
876
876
876
876
876
876
876
876
876
876
876
876
876
876
876
876
876
876
876
876
876
876
876
876
876.5
876.5
876.5
876.5
876.5
876.5
876.5
876.5
876.5
876.5
876
876
876
876
876
876
876
876
876
876
876
876
876
876
876
876
876
876
876
876
876
876
876
876
876
876
876
876
876
876
876
876
876
876
876
876.5
876.5
876.5
876.5
876.5
876.5
876.5
876.5
876.5
876.5
877
877
877
877
877
877
877
877
877
877
877
877
877
877
877
877
877
877
877
877
877
877
877
877
877
877
877
877
877
877
877.5
877.5
877.5
877.5
877.5
877.5
877.5
877.5
877.5
877.5
878
878
878
878
878
878
878
878
878
878
877.5
877.5
877.5
877.5
877.5
877.5
877.5
877.5
877.5
877.5
878
878
878
878
878
878
878
878
878
878
878
878
878
878
878
878
878
878
878
878
878
878
878
878
878
878
878
878
878
878
878
878
878
878
878
878
878
878
878
878
878.5
878.5
878.5
878.5
878.5
878.5
878.5
878.5
878.5
878.5
878.5
878.5
878.5
878.5
878.5
878.5
878.5
878.5
878.5
878.5
878.5
878.5
878.5
878.5
878.5
878.5
878.5
878.5
878.5
878.5
878.5
878.5
878.5
878.5
878.5
878.5
878.5
878.5
878.5
878.5
878.5
878.5
878.5
878.5
878.5
878.5
878.5
878.5
878.5
878.5
878.5
878.5
878.5
878.5
878.5
878.5
878.5
878.5
878.5
878.5
878.5
878.5
878.5
878.5
878.5
878.5
878.5
878.5
878.5
878.5
878.5
878.5
878.5
878.5
878.5
878.5
878.5
878.5
878.5
878.5
878.5
878.5
878.5
878.5
878.5
878.5
878.5
878.5
878.5
878.5
877.5
877.5
877.5
877.5
877.5
877.5
877.5
877.5
877.5
877.5
877.5
877.5
877.5
877.5
877.5
877.5
877.5
877.5
877.5
877.5
877.5
877.5
877.5
877.5
877.5
877.5
877.5
877.5
877.5
877.5
877.5
877.5
877.5
877.5
877.5
877.5
877.5
877.5
877.5
877.5
877.5
877.5
877.5
877.5
877.5
877.5
877.5
877.5
877.5
877.5
877
877
877
877
877
877
877
877
877
877
876.5
876.5
876.5
876.5
876.5
876.5
876.5
876.5
876.5
876.5
876.5
876.5
876.5
876.5
876.5
876.5
876.5
876.5
876.5
876.5
876.5
876.5
876.5
876.5
876.5
876.5
876.5
876.5
876.5
876.5
876
876
876
876
876
876
876
876
876
876
876
876
876
876
876
876
876
876
876
876
876
876
876
876
876
876
876
876
876
876
876
876
876
876
876
876
876
876
876
876
876
876
876
876
876
876
876
876
876
876
876
876
876
876
876
876
876
876
876
876
876
876
876
876
876
876
876
876
876
876
875
875
875
875
875
875
875
875
875
875
875.5
875.5
875.5
875.5
875.5
875.5
875.5
875.5
875.5
875.5
875.5
875.5
875.5
875.5
875.5
875.5
875.5
875.5
875.5
875.5
875
875
875
875
875
875
875
875
875
875
874.5
874.5
874.5
874.5
874.5
874.5
874.5
874.5
874.5
874.5
874.5
874.5
874.5
874.5
874.5
874.5
874.5
874.5
874.5
874.5
874
874
874
874
874
874
874
874
874
874
874
874
874
874
874
874
874
874
874
874
873.5
873.5
873.5
873.5
873.5
873.5
873.5
873.5
873.5
873.5
873
873
873
873
873
873
873
873
873
873
873
873
873
873
873
873
873
873
873
873
873
873
873
873
873
873
873
873
873
873
873
873
873
873
873
873
873
873
873
873
872.5
872.5
872.5
872.5
872.5
872.5
872.5
872.5
872.5
872.5
872
872
872
872
872
872
872
872
872
872
872
872
872
872
872
872
872
872
872
872
871.5
871.5
871.5
871.5
871.5
871.5
871.5
871.5
871.5
871.5
871.5
871.5
871.5
871.5
871.5
871.5
871.5
871.5
871.5
871.5
870.5
870.5
870.5
870.5
870.5
870.5
870.5
870.5
870.5
870.5
870.5
870.5
870.5
870.5
870.5
870.5
870.5
870.5
870.5
870.5
869.5
869.5
869.5
869.5
869.5
869.5
869.5
869.5
869.5
869.5
869
869
869
869
869
869
869
869
869
869
869
869
869
869
869
869
869
869
869
869
869
869
869
869
869
869
869
869
869
869
868
868
868
868
868
868
868
868
868
868
867.5
867.5
867.5
867.5
867.5
867.5
867.5
867.5
867.5
867.5
867
867
867
867
867
867
867
867
867
867
867
867
867
867
867
867
867
867
867
867
867
867
867
867
867
867
867
867
867
867
866
866
866
866
866
866
866
866
866
866
865.5
865.5
865.5
865.5
865.5
865.5
865.5
865.5
865.5
865.5
865
865
865
865
865
865
865
865
865
865
865
865
865
865
865
865
865
865
865
865
864
864
864
864
864
864
864
864
864
864
864.5
864.5
864.5
864.5
864.5
864.5
864.5
864.5
864.5
864.5
863
863
863
863
863
863
863
863
863
863
864
864
864
864
864
864
864
864
864
864
863.5
863.5
863.5
863.5
863.5
863.5
863.5
863.5
863.5
863.5
862
862
862
862
862
862
862
862
862
862
862
862
862
862
862
862
862
