Transect	Distance	Quadrat	Altitude	pH	Microtopography	DistFromLake	Disturbance
Ecotone1	1	-2	13.6	6.7	0.433012701892219	1	No
Ecotone1	2	-1	13.6	NA	9.24986486387774	2	No
Ecotone1	3	1	13.9	6.4	4.5466333698683	3	No
Ecotone1	4	2	13.9	NA	3.76297754444536	4	No
Ecotone1	5	3	13.9	6.2	4.96135062256237	5	No
Ecotone1	6	4	13.9	NA	9.57065828456956	6	No
Ecotone1	7	5	15.6	5.8	7.06523884946574	7	No
Ecotone1	8	6	15.6	NA	8.66890996607993	8	No
Ecotone1	9	7	13.2	6.4	9.06242241346098	9	No
Ecotone1	10	8	13.2	NA	8	10	No
Ecotone1	11	9	13.2	6.3	7.64378832778616	11	No
Ecotone1	12	10	13.2	NA	6.30297548781526	12	No
Ecotone1	13	11	13.2	6	7.11951543294907	13	No
Ecotone1	14	12	14.8	NA	6.2	14	No
Ecotone1	15	13	14.8	6.1	5.14929849591185	15	No
Ecotone1	16	14	14.8	NA	6.77661419884591	16	No
Ecotone1	17	15	14.8	6.3	13.7171425595858	17	No
Ecotone1	18	16	14.8	NA	4.36641729567846	18	No
Ecotone1	19	17	14.8	6.8	5.35607132140714	19	No
Ecotone1	20	18	14.5	NA	6.66689582939467	20	No
Ecotone1	21	19	14.5	5.8	6.21186566177988	21	No
Ecotone1	22	20	14.5	NA	7.20637738395652	22	No
Ecotone1	23	21	14.5	6.4	11.3369969568665	23	No
Ecotone1	24	22	13.8	NA	8.45739321540627	24	No
Ecotone1	25	23	13.8	6	3.4983424646538	25	No
Ecotone1	26	24	13.8	NA	4.12431812546026	26	No
Ecotone1	27	25	13.8	6	1	27	No
Ecotone1	28	26	15.8	NA	1.37477270848675	28	No
Ecotone1	29	27	15.8	6.1	4.4	29	No
Ecotone1	30	28	15.8	NA	3.89711431702997	30	No
Ecotone1	31	29	15.8	5.9	3.68060796608386	31	No
Ecotone1	32	30	15.8	NA	3	32	No
Ecotone1	33	31	15.8	5.8	2.39739441894737	33	No
Ecotone1	34	32	15.8	NA	2.5095019426173	34	No
Ecotone1	35	33	15.8	6.4	11.4423555267261	35	No
Ecotone1	36	34	15.8	NA	3.3	36	No
Ecotone1	37	35	15.8	5.8	2.44948974278318	37	No
Ecotone1	38	36	15.8	NA	1.5	38	No
Ecotone1	39	37	15.8	5.9	1.3076696830622	39	No
Ecotone1	40	38	15.8	NA	1.5	40	No
Ecotone1	41	39	15.8	5.8	0.476969600708473	41	No
Ecotone1	42	40	15.8	NA	0.489897948556636	42	No
Ecotone1	43	41	15.8	5.3	2.14242852856285	43	No
Ecotone1	44	42	14.8	NA	2.86181760425084	44	No
Ecotone1	45	43	14.8	5.9	4.4	45	No
Ecotone1	46	44	14.8	NA	2	46	No
Ecotone1	47	45	14.8	6	1.2	47	No
Ecotone1	48	46	14.8	NA	0	48	No
Ecotone1	49	47	14.8	6	0	49	No
Ecotone1	50	48	14.8	NA	0	50	No
Ecotone1	51	49	14.8	6.4	0	51	No
Ecotone1	52	50	14.8	NA	0	52	No
Ecotone1	53	51	14.8	5.9	0	53	No
Ecotone1	54	52	14.8	NA	0	54	No
Ecotone1	55	53	14.8	5.8	4.2	55	No
Ecotone1	56	54	14.8	NA	5.49909083394701	56	No
Ecotone1	57	55	14.8	6.2	2.92361078120874	57	No
Ecotone1	58	56	14.8	NA	5.71314274283428	58	No
Ecotone1	59	57	14.8	6.2	11.8019860616762	59	No
Ecotone1	60	58	14.8	NA	6.07021416426142	60	No
Ecotone1	61	59	13.9	6	3.36361412769063	61	No
Ecotone1	62	60	13.9	NA	5.71314274283428	62	No
Ecotone1	63	61	14.5	5.9	6.4	63	No
Ecotone1	64	62	14.5	NA	2.44067101429095	64	No
Ecotone1	65	63	14.5	6.2	0.767642494915439	65	No
Ecotone1	66	64	14.5	NA	3.05941170815567	66	No
Ecotone1	67	65	14.5	6.4	3.18433666561813	67	No
Ecotone1	68	66	14.5	NA	1.56767343538123	68	No
Ecotone1	69	67	15	6.4	1.78535710713571	69	No
Ecotone1	70	68	15	NA	4.76587872275407	70	No
Ecotone1	71	69	15	5.6	7.68374908491942	71	No
Ecotone1	72	70	15	NA	7.57178149447011	72	No
Ecotone1	73	71	15	5.6	2.93938769133981	73	No
Ecotone1	74	72	15	NA	4.47744346697979	74	No
Ecotone1	75	73	15	6.1	5.26996204919922	75	No
Ecotone1	76	74	15	NA	5.55792002461353	76	No
Ecotone1	77	75	15	6.2	4.53942727665066	77	No
Ecotone1	78	76	15.2	NA	7.05017021071123	78	No
Ecotone1	79	77	15.2	6.1	5.84567147554496	79	No
Ecotone1	80	78	15.2	NA	2.52475741408952	80	No
Ecotone1	81	79	15.2	6.2	4.8	81	No
Ecotone1	82	80	15.2	NA	12.261627135091	82	No
Ecotone1	83	81	15.2	6	3	83	No
Ecotone1	84	82	15.2	NA	1.56767343538123	84	No
Ecotone1	85	83	15.2	6.2	3.2	85	No
Ecotone1	86	84	15.2	NA	8.81816307401944	86	No
Ecotone1	87	85	15.3	5.8	11.5969823661158	87	No
Ecotone1	88	86	15.3	NA	6.89103765771165	88	No
Ecotone1	89	87	15.3	5.9	9.3936148526539	89	No
Ecotone1	90	88	15.3	NA	7.46240577829965	90	No
Ecotone1	91	89	15.3	5.8	5.52152832103576	91	No
Ecotone1	92	90	15.3	NA	4.21277818072587	92	No
Ecotone1	93	91	15.3	6	7.39302881098133	93	No
Ecotone1	94	92	15.3	NA	6.84397545290747	94	No
Ecotone1	95	93	15.3	6.4	6.46993044784873	95	No
Ecotone1	96	94	15.3	NA	4.39630526692585	96	No
Ecotone1	97	95	15.3	6	9.06242241346098	97	No
Ecotone1	98	96	15.3	NA	11.4423555267261	98	No
Ecotone1	99	97	15.3	6	4.65699473909945	99	No
Ecotone1	100	98	15.3	NA	7.86964262212713	100	No
Ecotone1	101	99	15.3	6	2.20841572173357	101	No
Ecotone1	102	100	15.3	NA	7.68179666484345	102	No
Ecotone1	103	101	15.3	5.8	16.4115812766473	103	No
Ecotone1	104	102	15.3	NA	7.33825592358293	104	No
Ecotone1	105	103	15.3	6.3	10.5118980208143	105	No
Ecotone1	106	104	15.3	NA	9.01997782702374	106	No
Ecotone1	107	105	15.3	6.4	4.78753328970149	107	No
Ecotone1	108	106	15.2	NA	10.5559225082415	108	No
Ecotone1	109	107	15.2	6.2	7.8174484328328	109	No
Ecotone1	110	108	15.2	NA	10.2694632284263	110	No
Ecotone1	111	109	15.2	6.3	12.3454445039456	111	No
Ecotone1	112	110	15.2	NA	5.04083326445142	112	No
Ecotone1	113	111	15.2	5.9	9.48683298050514	113	No
Ecotone1	114	112	15.2	NA	6.24079321881442	112	No
Ecotone1	115	113	15.6	6.5	7.79037868142493	111	No
Ecotone1	116	114	15.6	NA	11.1232863848774	110	No
Ecotone1	117	115	15.6	6.2	8.99708286057209	109	No
Ecotone1	118	116	15.6	NA	6.37867541108654	108	No
Ecotone1	119	117	15.6	6.3	4.9749371855331	107	No
Ecotone1	120	118	15.6	NA	10.2878569196893	106	No
Ecotone1	121	119	15.6	6.5	8.55496931613434	105	No
Ecotone1	122	120	15.6	NA	8.66025403784439	104	No
Ecotone1	123	121	16	6.4	5.18043193179874	103	No
Ecotone1	124	122	16	NA	4.8	102	No
Ecotone1	125	123	16	6.6	6.646043936057	101	No
Ecotone1	126	124	16	NA	7.17199414389053	100	No
Ecotone1	127	125	16	6.6	6.74888879742436	99	No
Ecotone1	128	126	16	NA	9.33432375697351	98	No
Ecotone1	129	127	16	6.8	8.44097150806707	97	No
Ecotone1	130	128	16	NA	9.74697260691749	96	No
Ecotone1	131	129	16	6.6	8.45739321540627	95	No
Ecotone1	132	130	16	NA	6.82568677863261	94	No
Ecotone1	133	131	16	6.5	8.39458754198204	93	No
Ecotone1	134	132	16	NA	4.33012701892219	92	No
Ecotone1	135	133	16	6.7	9.44882400090085	91	No
Ecotone1	136	134	16	NA	9.99071569007947	90	No
Ecotone1	137	135	16	6.6	7.46240577829965	89	No
Ecotone1	138	136	16	NA	4.74447046571058	88	No
Ecotone1	139	137	16	6.2	5.26057031128755	87	No
Ecotone1	140	138	16	NA	7.23377494811665	86	No
Ecotone1	141	139	16	6	10.8124927745641	85	No
Ecotone1	142	140	16	NA	11.6523645669023	84	No
Ecotone1	143	141	16	6.2	12.2463259796561	83	No
Ecotone1	144	142	16	NA	4.76313972081441	82	No
Ecotone1	145	143	16	6	4.47744346697979	81	No
Ecotone1	146	144	16	NA	6.67181384632395	80	No
Ecotone1	147	145	16.3	6.1	6.51334015693945	79	No
Ecotone1	148	146	16.3	NA	9.28224110869783	78	No
Ecotone1	149	147	16.3	5.9	7.76903468907174	77	No
Ecotone1	150	148	16.3	NA	9.09326673973661	76	No
Ecotone1	151	149	16.3	5.8	8.39439694081713	75	No
Ecotone1	152	150	15.9	NA	15.9466885277163	74	No
Ecotone1	153	151	15.9	6.2	6.08502259650694	73	No
Ecotone1	154	152	16.6	NA	6.26418390534633	72	No
Ecotone1	155	153	16.6	6.2	7.8699984116898	71	No
Ecotone1	156	154	16.6	NA	9.55968095701943	70	No
Ecotone1	157	155	16.6	5.6	6.64963156874123	69	No
Ecotone1	158	156	16.6	NA	9.00055553840984	68	No
Ecotone1	159	157	16.6	5.8	23.3197341322752	67	No
Ecotone1	160	158	16.6	NA	23.1047073125803	66	No
Ecotone1	161	159	16.6	5.5	18.1989010657237	65	No
Ecotone1	162	160	16.6	NA	19.5154426032309	64	No
Ecotone1	163	161	15.6	5.9	9.12838978133603	63	No
Ecotone1	164	162	15.6	NA	6.28708994686731	62	No
Ecotone1	165	163	15.6	5.9	11.9398492452794	61	No
Ecotone1	166	164	15.6	NA	9.06352580401248	60	No
Ecotone1	167	165	15.6	6.2	8.5	59	No
Ecotone1	168	166	15.6	NA	4.40908153700972	58	No
Ecotone1	169	167	15.6	6.5	7.33212111192934	57	No
Ecotone1	170	168	15.6	NA	9.09326673973661	56	No
Ecotone1	171	169	15.6	6.7	7.85557127139714	55	No
Ecotone1	172	170	15.6	NA	4.28106295211832	54	No
Ecotone1	173	171	15.6	6.8	8	53	No
Ecotone1	174	172	15.6	NA	2.893717332429	52	No
Ecotone1	175	173	15.6	6.5	7.33212111192934	51	No
Ecotone1	176	174	15.6	NA	2.17944947177034	50	No
Ecotone1	177	175	15.6	6.4	4.99899989998	49	No
Ecotone1	178	176	15.6	NA	3.66606055596467	48	No
Ecotone1	179	177	15.6	6.4	6.06217782649107	47	No
Ecotone1	180	178	15.6	NA	8.24863625092051	46	No
Ecotone1	181	179	15.6	6.3	8.10848321204404	45	No
Ecotone1	182	180	15.6	NA	4.99899989998	44	No
Ecotone1	183	181	16.7	6.5	3.03108891324554	43	No
Ecotone1	184	182	16.7	NA	4.27083130081252	42	No
Ecotone1	185	183	16.7	6.4	5.2466656077932	41	No
Ecotone1	186	184	16.7	NA	4.3692104549907	40	No
Ecotone1	187	185	16.7	6.7	2.53179778023443	39	No
Ecotone1	188	186	16.7	NA	8.09861099201585	38	No
Ecotone1	189	187	16.7	6.7	10.4473680896195	37	No
Ecotone1	190	188	16.7	NA	6.49519052838329	36	No
Ecotone1	191	189	16.7	6.8	11.9146968068852	35	Yes
Ecotone1	192	190	16.7	NA	8.00931332886909	34	Yes
Ecotone1	193	191	16.8	6.8	0.982395032560731	33	Yes
Ecotone1	194	192	16.8	NA	6.46741834119303	32	Yes
Ecotone1	195	193	16.8	6.8	7	31	Yes
Ecotone1	196	194	16.9	NA	0	30	Yes
Ecotone1	197	195	16.9	NA	0	29	Yes
Ecotone1	198	196	16.9	NA	0	28	Yes
Ecotone1	199	197	16.9	NA	0	27	Yes
Ecotone1	200	198	16.9	NA	0	26	Yes
Ecotone1	201	199	16.9	NA	0	25	Yes
Ecotone1	202	200	16.9	NA	0.916515138991168	24	No
Ecotone1	203	201	18	6.8	3.92778563569857	23	No
Ecotone1	204	202	18	NA	8	22	No
Ecotone1	205	203	18	6.4	12.8840987267251	21	No
Ecotone1	206	204	18	6.6	15.1336545487202	20	No
Ecotone1	207	205	16.2	NA	4.33012701892219	19	No
Ecotone1	208	206	16.2	NA	0	18	No
Ecotone1	209	207	16.2	6.1	2	17	No
Ecotone1	210	208	16.2	NA	4.33012701892219	16	No
Ecotone1	211	209	16.6	6.3	8.56504524214554	15	No
Ecotone1	212	210	16.6	NA	4.76313972081441	14	No
Ecotone1	213	211	16.6	6.5	3.03108891324554	13	No
Ecotone1	214	212	16.6	NA	2.77263412660235	12	No
Ecotone1	215	213	16.6	5.8	1.78535710713571	11	No
Ecotone1	216	214	16.5	NA	5.26996204919922	10	No
Ecotone1	217	215	16.5	6.4	5.19615242270663	9	No
Ecotone1	218	216	16.5	NA	5.04083326445142	8	No
Ecotone1	219	217	16.5	6.2	9.38136450629651	7	No
Ecotone1	220	218	16.5	NA	14.9982498979048	6	No
Ecotone1	221	219	16.5	5.9	16.4172927122592	5	No
Ecotone1	222	220	16.5	6.5	14	4	No
Ecotone1	223	221	17.4	NA	2	3	No
Ecotone1	224	222	17.4	NA	0	2	No
Ecotone1	225	223	17.4	NA	0	1	No
Ecotone2	1	-4	16.3	6.7	5.1	1	No
Ecotone2	2	-3	16.3	NA	9.30806102257608	2	No
Ecotone2	3	-2	16.3	6.1	7.63151361133557	3	No
Ecotone2	4	-1	16.3	6.5	6.36867333123626	4	No
Ecotone2	5	1	16.3	NA	8.3282651254628	5	No
Ecotone2	6	2	16.3	6.2	9.9498743710662	6	No
Ecotone2	7	3	16.3	NA	7.0233538996693	7	No
Ecotone2	8	4	16.3	NA	6.06217782649107	8	No
Ecotone2	9	5	16.4	5.9	5.19615242270663	9	No
Ecotone2	10	6	16.4	NA	5.49909083394701	10	No
Ecotone2	11	7	16.4	6.1	5.37121960079831	11	No
Ecotone2	12	8	16.4	NA	2.28639454163099	12	No
Ecotone2	13	9	16.4	6.2	5.91692487699481	13	No
Ecotone2	14	10	16.5	NA	4.30668085652977	14	No
Ecotone2	15	11	16.5	6.1	5.95734840344259	15	No
Ecotone2	16	12	16.5	NA	5.22368404480975	16	No
Ecotone2	17	13	16.5	6.1	7.83836717690617	17	No
Ecotone2	18	14	16.5	NA	3.72725099771936	18	No
Ecotone2	19	15	16.5	6.2	6.41560597293818	19	No
Ecotone2	20	16	16.5	NA	5.20840666615041	20	No
Ecotone2	21	17	16.5	6.2	8.33231660464243	21	No
Ecotone2	22	18	16.5	NA	4.7169905660283	22	No
Ecotone2	23	19	16.5	6.3	5.95734840344259	23	No
Ecotone2	24	20	16.5	NA	7.15873592193482	24	No
Ecotone2	25	21	16.5	5.7	5.35607132140714	25	No
Ecotone2	26	22	16.8	NA	2.1	26	No
Ecotone2	27	23	16.8	NA	0	27	No
Ecotone2	28	24	16.8	NA	0	28	No
Ecotone2	29	25	16.8	NA	0	29	No
Ecotone2	30	26	16.8	NA	0	30	No
Ecotone2	31	27	16.8	NA	0	31	No
Ecotone2	32	28	16.8	NA	0	32	No
Ecotone2	33	29	16.8	NA	0.871779788708135	33	No
Ecotone2	34	30	16.8	NA	1	34	No
Ecotone2	35	31	16.8	NA	1.95959179422654	35	No
Ecotone2	36	32	16.8	NA	3	36	No
Ecotone2	37	33	17	5.9	2.29128784747792	37	No
Ecotone2	38	34	17	5.9	6.36867333123626	38	No
Ecotone2	39	35	17	NA	3.68239052790439	39	No
Ecotone2	40	36	17	NA	2	40	No
Ecotone2	41	37	17	6	6.07844552496771	41	No
Ecotone2	42	38	17	NA	2.66223590239483	42	No
Ecotone2	43	39	17	6.6	8.33231660464243	43	No
Ecotone2	44	40	17	NA	5.38887743412299	44	No
Ecotone2	45	41	17	6.6	8.66025403784439	45	No
Ecotone2	46	42	17	NA	1.95959179422654	46	No
Ecotone2	47	43	17	6.1	3.37638860322683	47	No
Ecotone2	48	44	17	NA	1.88348082018374	48	No
Ecotone2	49	45	17	6.3	3.46410161513775	49	No
Ecotone2	50	46	17	NA	4.12431812546026	50	No
Ecotone2	51	47	17	6	3.96106046406767	51	No
Ecotone2	52	48	17	NA	4.21781934179263	52	No
Ecotone2	53	49	17	6.2	3.02117526800416	53	No
Ecotone2	54	50	16.4	NA	7.01558265577422	54	No
Ecotone2	55	51	16.4	6.2	3.97994974842648	55	No
Ecotone2	56	52	16.4	NA	4.87314067106625	56	No
Ecotone2	57	53	16.4	5.8	2.59807621135332	57	No
Ecotone2	58	54	16.4	NA	4.33012701892219	58	No
Ecotone2	59	55	16.5	6.2	4.89897948556636	59	No
Ecotone2	60	56	16.5	NA	5.2	58	No
Ecotone2	61	57	16.5	6.2	9.18477000256403	57	No
Ecotone2	62	58	16.5	NA	4.9749371855331	56	No
Ecotone2	63	59	16.5	6.2	2.23078461533157	55	No
Ecotone2	64	60	16.5	NA	3.63223071954412	54	No
Ecotone2	65	61	16.5	6.4	4.2190046219458	53	No
Ecotone2	66	62	16.5	NA	2.8	52	No
Ecotone2	67	63	16.5	6.3	3.5	51	No
Ecotone2	68	64	16.5	NA	4.47744346697979	50	No
Ecotone2	69	65	16.5	6.4	2.70693553672783	49	No
Ecotone2	70	66	16.5	NA	4.9749371855331	48	No
Ecotone2	71	67	16.5	6	5.72363520850167	47	No
Ecotone2	72	68	16.5	NA	5.49909083394701	46	No
Ecotone2	73	69	16.5	6.4	2.28637267303474	45	No
Ecotone2	74	70	16.9	NA	3.84187454245971	44	No
Ecotone2	75	71	16.9	6.2	2.80356915377524	43	No
Ecotone2	76	72	16.9	NA	10.9448618081728	42	No
Ecotone2	77	73	16.9	6.6	4.78121323515277	41	No
Ecotone2	78	74	16.9	NA	9.45238065251289	40	No
Ecotone2	79	75	16.9	6.2	5.72363520850167	39	No
Ecotone2	80	76	16.9	NA	4.49305018890286	38	No
Ecotone2	81	77	16.9	5.8	3.37045990927054	37	No
Ecotone2	82	78	16.9	NA	2.93938769133981	36	No
Ecotone2	83	79	16.9	6.5	1.73205080756888	35	No
Ecotone2	84	80	16.9	NA	3.81149576937978	34	No
Ecotone2	85	81	16.9	6.6	1.86815416922694	33	No
Ecotone2	86	82	16.9	NA	2.66270539113887	32	No
Ecotone2	87	83	16.9	6.4	2.5588083163848	31	No
Ecotone2	88	84	16.9	NA	4.30116263352131	30	No
Ecotone2	89	85	16.9	6.3	2.4	29	No
Ecotone2	90	86	16.9	NA	1.37477270848675	28	No
Ecotone2	91	87	16.9	6.2	2.1650635094611	27	No
Ecotone2	92	88	16.9	NA	1.66939360247966	26	No
Ecotone2	93	89	16.9	6.4	3.89711431702997	25	No
Ecotone2	94	90	16.9	NA	2.98496231131986	24	No
Ecotone2	95	91	16.9	6.3	1.49248115565993	23	No
Ecotone2	96	92	16.9	NA	3	22	No
Ecotone2	97	93	16.9	6.1	4.73787927241714	21	No
Ecotone2	98	94	16.9	NA	4.1097445176069	20	No
Ecotone2	99	95	16.9	6	4.28952211790544	19	No
Ecotone2	100	96	16.9	NA	4.40908153700972	18	No
Ecotone2	101	97	16.9	6	4.4	17	No
Ecotone2	102	98	16.9	NA	1.8	16	No
Ecotone2	103	99	16.9	6.3	2.58603944285465	15	No
Ecotone2	104	100	16.9	NA	3.97994974842648	14	No
Ecotone2	105	101	16.9	5.9	1.98997487421324	13	No
Ecotone2	106	102	16.9	NA	4.76313972081441	12	No
Ecotone2	107	103	16.9	6	7.79422863405995	11	No
Ecotone2	108	104	16.9	NA	2.5219040425837	10	No
Ecotone2	109	105	17.6	6.2	2.85657137141714	9	No
Ecotone2	110	106	17.6	NA	3	8	No
Ecotone2	111	107	17.6	6.2	1	7	No
Ecotone2	112	108	17.6	NA	3.32264954516723	6	No
Ecotone2	113	109	17.6	6.3	2.4	5	No
Ecotone2	114	110	17.6	6.2	1.37171425595858	4	No
Ecotone2	115	111	17.6	NA	0.892678553567856	3	No
Ecotone2	116	112	17.6	NA	0	2	No
Ecotone2	117	113	17.6	NA	0	1	No
Tundra1	1	-4	16.5	NA	9.09326673973661	1	No
Tundra1	2	-3	16.5	NA	25.4497053028124	2	No
Tundra1	3	-2	18.7	6.9	33	3	No
Tundra1	4	-1	18.7	NA	24.331615236149	4	No
Tundra1	5	1	16.7	6.9	37.5	5	No
Tundra1	6	2	16.7	NA	5.71314274283428	6	No
Tundra1	7	3	16.7	6.6	10.4933312155864	7	No
Tundra1	8	4	17.5	NA	8.22724133595217	8	No
Tundra1	9	5	17.5	6.4	7.14142842854285	9	No
Tundra1	10	6	17.5	NA	9.41843272524681	10	No
Tundra1	11	7	17.5	6.2	9.79795897113271	11	No
Tundra1	12	8	17.5	NA	8.60605019739021	12	No
Tundra1	13	9	17.5	6.1	7.16309988761849	13	No
Tundra1	14	10	17.5	NA	7.41130892622889	14	No
Tundra1	15	11	17.5	6.3	8.27586853448023	15	No
Tundra1	16	12	17.5	NA	8.58545281275251	16	No
Tundra1	17	13	17.5	6.5	10.5399240983984	17	No
Tundra1	18	14	17.5	NA	5.35607132140714	18	No
Tundra1	19	15	17.5	6.5	9.16515138991168	19	No
Tundra1	20	16	17.5	NA	6.66450298221855	20	No
Tundra1	21	17	17.5	6.2	10.4933312155864	21	No
Tundra1	22	18	17.5	NA	8.58545281275251	22	No
Tundra1	23	19	17.5	6	4.82046418926642	23	No
Tundra1	24	20	17.5	NA	10.4473680896195	24	No
Tundra1	25	21	18.5	6	9.2	25	No
Tundra1	26	22	18.5	NA	4.2	26	No
Tundra1	27	23	18.5	6.1	9.30806102257608	27	No
Tundra1	28	24	18.5	NA	5.38144961882948	28	No
Tundra1	29	25	18.5	6.2	8.2	29	No
Tundra1	30	26	18.5	NA	4.20504458953767	30	No
Tundra1	31	27	18.5	5.2	6.79043444854598	31	No
Tundra1	32	28	18.5	NA	6.46741834119303	32	No
Tundra1	33	29	18.5	5.2	5.47933390112338	33	No
Tundra1	34	30	18.5	NA	8.34696801239828	34	No
Tundra1	35	31	18.5	5.8	7.79422863405995	35	No
Tundra1	36	32	18.5	NA	9.01997782702374	36	No
Tundra1	37	33	18.5	5.9	5.63449199129788	37	No
Tundra1	38	34	18.5	NA	4.8	38	No
Tundra1	39	35	18.5	5.8	3.91918358845308	39	No
Tundra1	40	36	18.5	NA	6.61362230551458	40	No
Tundra1	41	37	18.5	6.1	4.12431812546026	41	No
Tundra1	42	38	18.5	NA	7.24551585465107	42	No
Tundra1	43	39	18.5	6	6.92820323027551	43	No
Tundra1	44	40	18.5	NA	9.2	44	No
Tundra1	45	41	18.6	6.3	7.56124989667714	45	No
Tundra1	46	42	18.6	NA	10.8447406607996	46	No
Tundra1	47	43	18.6	5.9	4.35	47	No
Tundra1	48	44	18.6	NA	7.06593942798833	48	No
Tundra1	49	45	18.6	6.1	7.03351974476506	49	No
Tundra1	50	46	18.6	NA	5.54007220169557	50	No
Tundra1	51	47	18.6	6.2	5.04083326445142	51	No
Tundra1	52	48	18.6	NA	7.34846922834953	52	No
Tundra1	53	49	18.6	6.5	5.64215384405636	53	No
Tundra1	54	50	18.6	NA	6.49519052838329	54	No
Tundra1	55	51	18.6	6.1	7.83836717690617	55	No
Tundra1	56	52	18.6	NA	7.16309988761849	56	No
Tundra1	57	53	18.6	6.6	4.83193543003215	57	No
Tundra1	58	54	18.6	NA	12.4373429638328	58	No
Tundra1	59	55	18.6	6.4	8.08860927477648	59	No
Tundra1	60	56	18.6	NA	10.1004752363441	60	No
Tundra1	61	57	18.6	6.3	6.67757440991862	61	No
Tundra1	62	58	18.6	NA	7.83836717690617	62	No
Tundra1	63	59	18.6	6.6	6.46741834119303	63	No
Tundra1	64	60	18.6	NA	7.213658919023	64	No
Tundra1	65	61	19.2	6.4	4.22308702254642	65	No
Tundra1	66	62	19.2	NA	5.47243090408641	66	No
Tundra1	67	63	19.2	6.3	5.2549476686262	67	No
Tundra1	68	64	19.2	NA	7.71115263757631	68	No
Tundra1	69	65	19.2	6.3	7.30872594916515	69	No
Tundra1	70	66	19.2	NA	5.87877538267963	70	No
Tundra1	71	67	19.2	6.6	3.56824887024434	71	No
Tundra1	72	68	19.2	NA	4.06970207754818	72	No
Tundra1	73	69	19.2	6.2	9.37229961108799	73	No
Tundra1	74	70	19.2	NA	5.55143900263706	74	No
Tundra1	75	71	19.2	6.2	3.66606055596467	75	No
Tundra1	76	72	19.2	NA	1.37171425595858	76	No
Tundra1	77	73	19.2	6	7.33212111192934	77	No
Tundra1	78	74	19.2	NA	3.66606055596467	78	No
Tundra1	79	75	19.2	6.2	2.75383369142002	79	No
Tundra1	80	76	19.2	NA	1.0988630487918	80	No
Tundra1	81	77	19.2	6	4.82927271957176	81	No
Tundra1	82	78	19.2	NA	7.34846922834953	82	No
Tundra1	83	79	19.2	6.2	2.55966306376445	83	No
Tundra1	84	80	19.2	NA	5	84	No
Tundra1	85	81	18.8	6.2	5.95754983193594	85	No
Tundra1	86	82	18.8	NA	2.61235525914834	86	No
Tundra1	87	83	18.8	5.8	4.51060971488334	87	No
Tundra1	88	84	18.8	NA	5.84567147554496	88	No
Tundra1	89	85	18.8	6.4	2.16376985837219	89	No
Tundra1	90	86	18.8	NA	7.10352025407122	90	No
Tundra1	91	87	18.8	6.9	4.32319326424346	91	No
Tundra1	92	88	18.8	NA	7.2288916854522	92	No
Tundra1	93	89	18.8	7	5.96992462263972	93	No
Tundra1	94	90	18.8	NA	5.38887743412299	94	No
Tundra1	95	91	18.8	6.9	3.00883698461715	95	No
Tundra1	96	92	18.8	NA	2.29632314799115	96	No
Tundra1	97	93	18.8	6.9	4.8	97	No
Tundra1	98	94	18.8	NA	2.84857859291261	98	No
Tundra1	99	95	18.8	7	5.39872901709282	99	No
Tundra1	100	96	18.8	NA	6.37539018413775	100	No
Tundra1	101	97	18.8	6.4	3.52681159122514	101	No
Tundra1	102	98	18.8	NA	4.23017730124873	102	No
Tundra1	103	99	18.8	6.9	5.25	103	No
Tundra1	104	100	18.8	NA	1.02352332655392	104	No
Tundra1	105	101	19	6.9	6.5	105	No
Tundra1	106	102	19	NA	5.48208673773044	106	No
Tundra1	107	103	19	6.8	4.2	107	No
Tundra1	108	104	19	NA	8.28916612211385	108	No
Tundra1	109	105	19	6.6	8	109	No
Tundra1	110	106	19	NA	2.75383369142002	110	No
Tundra1	111	107	19	6.1	2.73109868001872	111	No
Tundra1	112	108	19	NA	1.7058722109232	112	No
Tundra1	113	109	19	6	4.57890816680134	113	No
Tundra1	114	110	19	NA	2.99332590941915	114	No
Tundra1	115	111	19	6	2.05757138393787	113	No
Tundra1	116	112	19	NA	1.12	112	No
Tundra1	117	113	19	6.4	2.39866629609039	111	No
Tundra1	118	114	19	NA	2.55295906743528	110	No
Tundra1	119	115	19	6.3	3.21364279284428	109	No
Tundra1	120	116	19	NA	5.38167957054301	108	No
Tundra1	121	117	19	6.4	4.47744346697979	107	No
Tundra1	122	118	19	NA	0.98	106	No
Tundra1	123	119	19	6.3	4.46339276783928	105	No
Tundra1	124	120	19	NA	0.696491205974634	104	No
Tundra1	125	121	19	6	1.36469776873856	103	No
Tundra1	126	122	19	NA	2.93938769133981	102	No
Tundra1	127	123	19	5.9	3.66606055596467	101	No
Tundra1	128	124	19	NA	0.895488693395958	100	No
Tundra1	129	125	19	5.8	2.90516780926679	99	No
Tundra1	130	126	19	NA	5.87877538267963	98	No
Tundra1	131	127	19	5.8	1.30617762957417	97	No
Tundra1	132	128	19	NA	4.5	96	No
Tundra1	133	129	19	6.2	3.91918358845308	95	No
Tundra1	134	130	19	NA	5.96992462263972	94	No
Tundra1	135	131	19	6.2	1.74355957741627	93	No
Tundra1	136	132	19	NA	3.4	92	No
Tundra1	137	133	19	6.5	3.44377699626442	91	No
Tundra1	138	134	19	NA	2.8	90	No
Tundra1	139	135	19	5.2	3.66606055596467	89	No
Tundra1	140	136	19	NA	6.20060480921015	88	No
Tundra1	141	137	19	6.4	1.63458710382775	87	No
Tundra1	142	138	19	NA	0.348245602987317	86	No
Tundra1	143	139	19	6.2	3.57071421427143	85	No
Tundra1	144	140	19	NA	0.795989949685296	84	No
Tundra1	145	141	18.7	6.4	5.35607132140714	83	No
Tundra1	146	142	18.7	NA	2.54746933249451	82	No
Tundra1	147	143	18.7	6.4	0.84	81	No
Tundra1	148	144	18.7	NA	1.26	80	No
Tundra1	149	145	18.7	6.5	3.12480399385305	79	No
Tundra1	150	146	18.7	NA	0.7	78	No
Tundra1	151	147	18.7	6.4	1.95959179422654	77	No
Tundra1	152	148	18.7	NA	1.26	76	No
Tundra1	153	149	18.7	6.6	6.8585712797929	75	No
Tundra1	154	150	18.7	NA	4.8	74	No
Tundra1	155	151	18.7	6	2.7	73	No
Tundra1	156	152	18.7	NA	4.76969600708473	72	No
Tundra1	157	153	18.7	6.4	6.50515949074271	71	No
Tundra1	158	154	18.7	NA	5.72952877643528	70	No
Tundra1	159	155	18.7	6.3	8.1429969912803	69	No
Tundra1	160	156	18.7	NA	6.8	68	No
Tundra1	161	157	18.7	6.4	4.49047881634019	67	No
Tundra1	162	158	18.7	NA	7.79037868142493	66	No
Tundra1	163	159	18.7	6.6	5.07480048868919	65	No
Tundra1	164	160	18.7	NA	4.65106439430804	64	No
Tundra1	165	161	18.5	6.5	14.3614066163451	63	No
Tundra1	166	162	18.5	NA	11.7101451741642	62	No
Tundra1	167	163	18.5	6.6	8.24863625092051	61	No
Tundra1	168	164	18.5	NA	10.0667770413375	60	No
Tundra1	169	165	18.5	5.8	6.14207619620597	59	No
Tundra1	170	166	18.5	NA	7.8	58	No
Tundra1	171	167	18.5	5.4	13.7477270848675	57	No
Tundra1	172	168	18.5	NA	9.16515138991168	56	No
Tundra1	173	169	18.5	5.8	8.56971411425142	55	No
Tundra1	174	170	18.5	NA	7.8	54	No
Tundra1	175	171	18.5	6.8	2.88359151059924	53	No
Tundra1	176	172	18.5	NA	11.6	52	No
Tundra1	177	173	18.5	6.8	18.9959864181884	51	No
Tundra1	178	174	18.5	NA	10.8816359064251	50	No
Tundra1	179	175	18.5	6.7	11.4322832365193	49	No
Tundra1	180	176	18.5	NA	14.6726412073628	48	No
Tundra1	181	177	18.5	6.5	9.5	47	No
Tundra1	182	178	18.5	NA	13.9352072105154	46	No
Tundra1	183	179	18.5	6.7	3.36	45	No
Tundra1	184	180	18.5	NA	7.2	44	No
Tundra1	185	181	18.6	6.6	8.60871651293037	43	No
Tundra1	186	182	18.6	NA	9.53939201416946	42	No
Tundra1	187	183	18.6	6.9	8.95488693395958	41	No
Tundra1	188	184	18.6	NA	7.39188744503053	40	No
Tundra1	189	185	18.6	6.8	11.0299592021004	39	No
Tundra1	190	186	18.6	NA	9.76554657968513	38	No
Tundra1	191	187	18.6	6.2	9.12929898732646	37	No
Tundra1	192	188	18.6	NA	7.33825592358293	36	No
Tundra1	193	189	18.6	6.8	6.10592130640414	35	No
Tundra1	194	190	18.6	NA	7.82224392358101	34	No
Tundra1	195	191	18.6	6.7	9.35628131257285	33	No
Tundra1	196	192	18.6	NA	3.72322440903043	32	No
Tundra1	197	193	18.6	6.7	8.4	31	No
Tundra1	198	194	18.6	NA	3.80820167533181	30	No
Tundra1	199	195	18.6	6.6	4.7935268852902	29	No
Tundra1	200	196	18.6	NA	7.02008546956517	28	No
Tundra1	201	197	18.6	6.7	5.72363520850167	27	No
Tundra1	202	198	18.6	NA	5.99002504168388	26	No
Tundra1	203	199	18.6	6.8	6.37823643337247	25	No
Tundra1	204	200	18.6	NA	9.5	24	No
Tundra1	205	201	18.2	6.6	3.09223220344139	23	No
Tundra1	206	202	18.2	NA	7.88923316932641	22	No
Tundra1	207	203	18.2	6.8	3.87975514691327	21	No
Tundra1	208	204	18.2	NA	2.8	20	No
Tundra1	209	205	18.2	6.6	0.8	19	No
Tundra1	210	206	18.2	NA	5.4	18	No
Tundra1	211	207	18.2	6.8	11.2676528168026	17	No
Tundra1	212	208	18.2	NA	4.4	16	No
Tundra1	213	209	18.2	6.8	7.47261667690776	15	No
Tundra1	214	210	18.2	NA	8.43563868358526	14	No
Tundra1	215	211	18.2	6.8	2.38570744224852	13	No
Tundra1	216	212	18.2	NA	3.25183025387243	12	No
Tundra1	217	213	18.2	6.8	4.93558507170123	11	No
Tundra1	218	214	18.2	NA	8.19435781498465	10	No
Tundra1	219	215	18.2	7	6	9	No
Tundra1	220	216	18.2	NA	5.2999622640166	8	No
Tundra1	221	217	18.2	6.8	6.64529909033446	7	No
Tundra1	222	218	18.2	NA	2.04704665310784	6	No
Tundra1	223	219	18.2	6.6	6.5823627976586	5	No
Tundra1	224	220	18.2	NA	3.95548985588384	4	No
Tundra1	225	221	18.2	6.7	1.94368207276808	3	No
Tundra1	226	222	18.2	NA	6.04635427344445	2	No
Tundra1	227	223	18.2	6.7	2.72939553747712	1	No
Tundra2	1	-2	18.2	NA	0	1	No
Tundra2	2	-1	18.2	6.4	11.2583302491977	2	No
Tundra2	3	1	18.4	NA	12.2588090775572	3	No
Tundra2	4	2	18.4	6.4	9.62340895940726	4	No
Tundra2	5	3	18.4	NA	13	5	No
Tundra2	6	4	18.4	6.2	7.31996413925642	6	No
Tundra2	7	5	18.4	NA	4.87954915950234	7	No
Tundra2	8	6	18.4	6.2	4.99899989998	8	No
Tundra2	9	7	18.4	NA	7.46240577829965	9	No
Tundra2	10	8	18.4	6.2	7.33212111192934	10	No
Tundra2	11	9	18.4	NA	6.12372435695795	11	No
Tundra2	12	10	18.4	6	7.63151361133557	12	No
Tundra2	13	11	18.4	NA	7.10352025407122	13	No
Tundra2	14	12	18.4	6.3	5.7282196186948	14	No
Tundra2	15	13	18.4	NA	8.01073498500606	15	No
Tundra2	16	14	18.4	6	2.47586348573583	16	No
Tundra2	17	15	18.4	NA	5.95734840344259	17	No
Tundra2	18	16	18.4	6	8.66025403784439	18	No
Tundra2	19	17	18.4	NA	5.26996204919922	19	No
Tundra2	20	18	18.4	6	5.19615242270663	20	No
Tundra2	21	19	18.4	NA	5.15476478609839	21	No
Tundra2	22	20	18.4	6.4	2.7	22	No
Tundra2	23	21	18.1	NA	9.17755414040146	23	No
Tundra2	24	22	18.1	5.8	8.56504524214554	24	No
Tundra2	25	23	18.1	NA	8.3282651254628	25	No
Tundra2	26	24	18.1	6	5.6	26	No
Tundra2	27	25	18.1	NA	4.54395202439462	27	No
Tundra2	28	26	18.1	6.3	3.88072158238645	28	No
Tundra2	29	27	18.1	NA	5.78980785518829	29	No
Tundra2	30	28	18.1	6.1	4.48859666265527	30	No
Tundra2	31	29	18.1	NA	6.55796271718588	31	No
Tundra2	32	30	18.1	6.5	6.97541396621018	32	No
Tundra2	33	31	18.1	NA	12.35	33	No
Tundra2	34	32	18.1	5.9	4.27672772105029	34	No
Tundra2	35	33	18.1	NA	5.38887743412299	35	No
Tundra2	36	34	18.1	5.8	7.64665122782516	36	No
Tundra2	37	35	18.1	NA	9.2	37	No
Tundra2	38	36	18.1	5.9	6.17752984614401	38	No
Tundra2	39	37	18.1	NA	7.85569061254324	39	No
Tundra2	40	38	18.1	5.9	8.5258430668175	40	No
Tundra2	41	39	18.1	NA	8.46817571853584	41	No
Tundra2	42	40	18.1	NA	6.00981696892676	40	No
Tundra2	43	41	18.2	5.8	8.13925672282181	39	No
Tundra2	44	42	18.2	NA	7.23377494811665	38	No
Tundra2	45	43	18.2	5.7	10.2554863365908	37	No
Tundra2	46	44	18.2	NA	11.0610804173914	36	No
Tundra2	47	45	18.2	5.9	8.86266748783909	35	No
Tundra2	48	46	18.2	NA	10.8253175473055	34	No
Tundra2	49	47	18.2	5.9	5.65631505487451	33	No
Tundra2	50	48	18.2	NA	4.89897948556636	32	No
Tundra2	51	49	18.2	6.1	10.0163616148779	31	No
Tundra2	52	50	18.2	NA	6	30	No
Tundra2	53	51	18.2	6.4	5.1	29	No
Tundra2	54	52	18.2	NA	9.69213598749006	28	No
Tundra2	55	53	18.2	6.2	10.2548464152322	27	No
Tundra2	56	54	18.2	NA	7.25758224204177	26	No
Tundra2	57	55	18.2	6.8	11.2644351833547	25	No
Tundra2	58	56	18.2	NA	7.1372543740573	24	No
Tundra2	59	57	18.2	5.8	7.59934207678533	23	No
Tundra2	60	58	18.2	NA	8.81816307401944	22	No
Tundra2	61	59	18.2	5.9	4	21	No
Tundra2	62	60	18.2	NA	1.34029847422132	20	No
Tundra2	63	61	17.5	6.4	4.95354418573207	19	No
Tundra2	64	62	17.5	NA	4.44257526666685	18	No
Tundra2	65	63	17.5	6.4	9.49526197637537	17	No
Tundra2	66	64	17.5	NA	10.3463761771936	16	No
Tundra2	67	65	17.5	6.7	7.85228629126575	15	No
Tundra2	68	66	17.5	5.8	10.1137282937599	14	No
Tundra2	69	67	17.5	NA	11.3175748285576	13	No
Tundra2	70	68	17.5	NA	8.50138812194809	12	No
Tundra2	71	69	17.5	NA	9.09326673973661	11	No
Tundra2	72	70	17.5	6.1	10.0578327685441	10	No
Tundra2	73	71	17.5	NA	4.81077956260729	9	No
Tundra2	74	72	17.5	6.7	6.26418390534633	8	No
Tundra2	75	73	17.5	NA	4.17587116659506	7	No
Tundra2	76	74	17.5	6.4	7.52645334802522	6	No
Tundra2	77	75	17.5	NA	6.19677335393187	5	No
Tundra2	78	76	17.5	6.7	6.18931337064137	4	No
Tundra2	79	77	16.7	NA	8.6676121279162	3	No
Tundra2	80	78	16.7	6.7	1.43090880212542	2	No
Tundra2	81	79	16.7	NA	2.39739441894737	1	No
Tundra3	1	-2	18.8	NA	NA	1	No
Tundra3	2	-1	18.8	NA	NA	2	No
Tundra3	3	1	18.8	NA	NA	3	No
Tundra3	4	2	18.8	NA	NA	4	No
Tundra3	5	3	18.8	NA	NA	5	No
Tundra3	6	4	18.8	NA	NA	6	No
Tundra3	7	5	18.8	NA	NA	7	No
Tundra3	8	6	18.8	NA	NA	8	No
Tundra3	9	7	18.8	NA	NA	9	No
Tundra3	10	8	18.8	NA	NA	10	No
Tundra3	11	9	18.8	NA	NA	11	No
Tundra3	12	10	18.8	NA	NA	12	No
Tundra3	13	11	18.8	NA	NA	13	No
Tundra3	14	12	18.8	NA	NA	14	No
Tundra3	15	13	18.8	NA	NA	15	No
Tundra3	16	14	18.8	NA	NA	16	No
Tundra3	17	15	18.8	NA	NA	17	No
Tundra3	18	16	18.8	NA	NA	18	No
Tundra3	19	17	18.8	NA	NA	19	No
Tundra3	20	18	18.8	NA	NA	20	No
Tundra3	21	19	18.8	NA	NA	21	No
Tundra3	22	20	18.2	NA	NA	22	No
Tundra3	23	21	18.2	NA	NA	23	No
Tundra3	24	22	18.2	NA	NA	24	No
Tundra3	25	23	18.2	NA	NA	25	No
Tundra3	26	24	18.2	NA	NA	26	No
Tundra3	27	25	18.2	NA	NA	27	No
Tundra3	28	26	18.2	NA	NA	28	No
Tundra3	29	27	18.2	NA	NA	29	No
Tundra3	30	28	18.2	NA	NA	30	No
Tundra3	31	29	18.2	NA	NA	31	No
Tundra3	32	30	18.2	NA	NA	32	No
Tundra3	33	31	18.2	NA	NA	33	No
Tundra3	34	32	18.2	NA	NA	34	No
Tundra3	35	33	18.2	NA	NA	35	No
Tundra3	36	34	18.2	NA	NA	36	No
Tundra3	37	35	18.2	NA	NA	37	No
Tundra3	38	36	18.2	NA	NA	38	No
Tundra3	39	37	18.2	NA	NA	39	No
Tundra3	40	38	18.2	NA	NA	40	No
Tundra3	41	39	18.2	NA	NA	41	No
Tundra3	42	40	18.7	NA	NA	42	No
Tundra3	43	41	18.7	NA	NA	43	No
Tundra3	44	42	18.7	NA	NA	44	No
Tundra3	45	43	18.7	NA	NA	45	No
Tundra3	46	44	18.7	NA	NA	46	No
Tundra3	47	45	18.7	NA	NA	47	No
Tundra3	48	46	18.7	NA	NA	48	No
Tundra3	49	47	18.7	NA	NA	49	No
Tundra3	50	48	18.7	NA	NA	50	No
Tundra3	51	49	18.7	NA	NA	51	No
Tundra3	52	50	18.7	NA	NA	52	No
Tundra3	53	51	18.7	NA	NA	53	No
Tundra3	54	52	18.7	NA	NA	54	No
Tundra3	55	53	18.7	NA	NA	55	No
Tundra3	56	54	18.7	NA	NA	56	No
Tundra3	57	55	18.7	NA	NA	57	No
Tundra3	58	56	18.7	NA	NA	58	No
Tundra3	59	57	18.7	NA	NA	59	No
Tundra3	60	58	18.7	NA	NA	60	No
Tundra3	61	59	18.7	NA	NA	61	No
Tundra3	62	60	18.1	NA	NA	62	No
Tundra3	63	61	18.1	NA	NA	63	No
Tundra3	64	62	18.1	NA	NA	64	No
Tundra3	65	63	18.1	NA	NA	65	No
Tundra3	66	64	18.1	NA	NA	66	No
Tundra3	67	65	18.1	NA	NA	67	No
Tundra3	68	66	18.1	NA	NA	68	No
Tundra3	69	67	18.1	NA	NA	69	No
Tundra3	70	68	18.1	NA	NA	70	No
Tundra3	71	69	18.1	NA	NA	71	No
Tundra3	72	70	18.1	NA	NA	72	No
Tundra3	73	71	18.1	NA	NA	73	No
Tundra3	74	72	18.1	NA	NA	74	No
Tundra3	75	73	18.1	NA	NA	75	No
Tundra3	76	74	18.1	NA	NA	76	No
Tundra3	77	75	18.1	NA	NA	77	No
Tundra3	78	76	18.1	NA	NA	78	No
Tundra3	79	77	18.1	NA	NA	79	No
Tundra3	80	78	18.1	NA	NA	80	No
Tundra3	81	79	18.1	NA	NA	81	No
Tundra3	82	80	17.9	NA	NA	82	No
Tundra3	83	81	17.9	NA	NA	83	No
Tundra3	84	82	17.9	NA	NA	84	No
Tundra3	85	83	17.9	NA	NA	85	No
Tundra3	86	84	17.9	NA	NA	86	No
Tundra3	87	85	17.9	NA	NA	87	No
Tundra3	88	86	17.9	NA	NA	88	No
Tundra3	89	87	17.9	NA	NA	89	No
Tundra3	90	88	17.9	NA	NA	90	No
Tundra3	91	89	17.9	NA	NA	91	No
Tundra3	92	90	17.9	NA	NA	92	No
Tundra3	93	91	17.9	NA	NA	93	No
Tundra3	94	92	17.9	NA	NA	94	No
Tundra3	95	93	17.9	NA	NA	95	No
Tundra3	96	94	17.9	NA	NA	96	No
Tundra3	97	95	17.9	NA	NA	97	No
Tundra3	98	96	17.9	NA	NA	98	No
Tundra3	99	97	17.9	NA	NA	99	No
Tundra3	100	98	17.9	NA	NA	99	No
Tundra3	101	99	17.9	NA	NA	98	No
Tundra3	102	100	17.5	NA	NA	97	No
Tundra3	103	101	17.5	NA	NA	96	No
Tundra3	104	102	17.5	NA	NA	95	No
Tundra3	105	103	17.5	NA	NA	94	No
Tundra3	106	104	17.5	NA	NA	93	No
Tundra3	107	105	17.5	NA	NA	92	No
Tundra3	108	106	17.5	NA	NA	91	No
Tundra3	109	107	17.5	NA	NA	90	No
Tundra3	110	108	17.5	NA	NA	89	No
Tundra3	111	109	17.5	NA	NA	88	No
Tundra3	112	110	17.5	NA	NA	87	No
Tundra3	113	111	17.5	NA	NA	86	No
Tundra3	114	112	17.5	NA	NA	85	No
Tundra3	115	113	17.5	NA	NA	84	No
Tundra3	116	114	17.5	NA	NA	83	No
Tundra3	117	115	17.5	NA	NA	82	No
Tundra3	118	116	17.5	NA	NA	81	No
Tundra3	119	117	17.5	NA	NA	80	No
Tundra3	120	118	17.5	NA	NA	79	No
Tundra3	121	119	17.5	NA	NA	78	No
Tundra3	122	120	17.8	NA	NA	77	No
Tundra3	123	121	17.8	NA	NA	76	No
Tundra3	124	122	18.8	NA	NA	75	No
Tundra3	125	123	18.8	NA	NA	74	No
Tundra3	126	124	18.8	NA	NA	73	No
Tundra3	127	125	18.8	NA	NA	72	No
Tundra3	128	126	19.8	NA	NA	71	No
Tundra3	129	127	19.8	NA	NA	70	No
Tundra3	130	128	19.8	NA	NA	69	No
Tundra3	131	129	19.8	NA	NA	68	No
Tundra3	132	130	19.8	NA	NA	67	No
Tundra3	133	131	21.6	NA	NA	66	Yes
Tundra3	134	132	21.6	NA	NA	65	Yes
Tundra3	135	133	21.6	NA	NA	64	Yes
Tundra3	136	134	21.6	NA	NA	63	Yes
Tundra3	137	135	21.6	NA	NA	62	Yes
Tundra3	138	136	21.6	NA	NA	61	Yes
Tundra3	139	137	21.6	NA	NA	60	Yes
Tundra3	140	138	21.6	NA	NA	59	Yes
Tundra3	141	139	21.6	NA	NA	58	Yes
Tundra3	142	140	21.6	NA	NA	57	Yes
Tundra3	143	141	21.6	NA	NA	56	Yes
Tundra3	144	142	21.6	NA	NA	55	Yes
Tundra3	145	143	21.6	NA	NA	54	Yes
Tundra3	146	144	21.6	NA	NA	53	Yes
Tundra3	147	145	21.6	NA	NA	52	Yes
Tundra3	148	146	21.6	NA	NA	51	Yes
Tundra3	149	147	21.6	NA	NA	50	Yes
Tundra3	150	148	21.6	NA	NA	49	Yes
Tundra3	151	149	21.6	NA	NA	48	Yes
Tundra3	152	150	21.6	NA	NA	47	Yes
Tundra3	153	151	21.6	NA	NA	46	Yes
Tundra3	154	152	21.6	NA	NA	45	Yes
Tundra3	155	153	21.6	NA	NA	44	Yes
Tundra3	156	154	21.6	NA	NA	43	No
Tundra3	157	155	20.6	NA	NA	42	No
Tundra3	158	156	20.6	NA	NA	41	No
Tundra3	159	157	20.6	NA	NA	40	No
Tundra3	160	158	20.6	NA	NA	39	No
Tundra3	161	159	20.6	NA	NA	38	No
Tundra3	162	160	20.6	NA	NA	37	No
Tundra3	163	161	20.6	NA	NA	36	No
Tundra3	164	162	20.6	NA	NA	35	No
Tundra3	165	163	20.6	NA	NA	34	No
Tundra3	166	164	20.6	NA	NA	33	No
Tundra3	167	165	20.6	NA	NA	32	No
Tundra3	168	166	19.6	NA	NA	31	No
Tundra3	169	167	19.6	NA	NA	30	No
Tundra3	170	168	19.6	NA	NA	29	No
Tundra3	171	169	19.6	NA	NA	28	No
Tundra3	172	170	19.6	NA	NA	27	No
Tundra3	173	171	19.6	NA	NA	26	No
Tundra3	174	172	19.6	NA	NA	25	No
Tundra3	175	173	19.6	NA	NA	24	No
Tundra3	176	174	19.6	NA	NA	23	No
Tundra3	177	175	19.6	NA	NA	22	No
Tundra3	178	176	19.6	NA	NA	21	No
Tundra3	179	177	18.8	NA	NA	20	No
Tundra3	180	178	18.8	NA	NA	19	No
Tundra3	181	179	18.8	NA	NA	18	No
Tundra3	182	180	18.8	NA	NA	17	No
Tundra3	183	181	18.8	NA	NA	16	No
Tundra3	184	182	18.8	NA	NA	15	No
Tundra3	185	183	18.8	NA	NA	14	No
Tundra3	186	184	18.8	NA	NA	13	No
Tundra3	187	185	18.8	NA	NA	12	No
Tundra3	188	186	18.8	NA	NA	11	No
Tundra3	189	187	18.8	NA	NA	10	No
Tundra3	190	188	18.8	NA	NA	9	No
Tundra3	191	189	18.8	NA	NA	8	No
Tundra3	192	190	18.8	NA	NA	7	No
Tundra3	193	191	18.8	NA	NA	6	No
Tundra3	194	192	18.8	NA	NA	5	No
Tundra3	195	193	18.8	NA	NA	4	No
Tundra3	196	194	18.8	NA	NA	3	No
Tundra3	197	195	18.8	NA	NA	2	No
Tundra3	198	196	18.8	NA	NA	1	No
