Transect	Distance	Abundance_tot	Richness_mean	Richness_mean_zoo	Richness_mean_nzoo	Richness_tot	Richness_tot_zoo	Richness_tot_nzoo	Abundance_tot_zoo	Abundance_tot_nzoo	Width_all	Weight_all	Width_zoo	Weight_nzoo
1	-150	88	1.66666666666667	0.416666666666667	1.25	14	5	9	39	49	4.41022727272727	0.00840909090909091	3.34615384615385	0.00551020408163265
1	-100	2	0.0833333333333333	0	0.0833333333333333	1	0	1	0	2	1.9	0	NA	0
1	-80	20	0.25	0.0833333333333333	0.166666666666667	3	1	2	3	17	4.64	0.009	2.1	0.0105882352941176
1	-60	13	0.333333333333333	0.166666666666667	0.166666666666667	5	2	3	3	10	4.36923076923077	0.00384615384615385	3.1	0.001
1	-40	31	0.5	0.166666666666667	0.333333333333333	5	2	3	3	28	2.93225806451613	0.0106451612903226	3.33333333333333	0.00857142857142857
1	-20	91	0.5	0.333333333333333	0.166666666666667	7	4	3	57	34	2.9978021978022	0.0373626373626374	3.72631578947368	0.00147058823529412
1	0	56	1.16666666666667	0.833333333333333	0.333333333333333	11	7	4	42	14	6.7826278659612	0.322142857142857	7.50238095238095	0.0221428571428571
1	20	40	1.66666666666667	0.833333333333333	0.833333333333333	19	10	9	20	20	4.5625	0.04325	4.925	0.0215
1	40	360	2	0.833333333333333	1.16666666666667	11	7	4	72	288	3.11338095238095	0.0741333333333333	7.11690476190476	0.0146875
1	60	132	2.33333333333333	1.58333333333333	0.75	22	15	7	104	28	3.65	0.0479545454545455	3.72115384615385	0.00892857142857143
1	80	27	1	0.666666666666667	0.333333333333333	10	6	4	21	6	4.18148148148148	0.0511111111111111	4.63809523809524	0.025
1	100	117	3.16666666666667	2.66666666666667	0.5	22	17	5	99	18	4.62222222222222	0.0637094017094017	4.4040404040404	0.0551111111111111
1	150	19	1.16666666666667	0.666666666666667	0.5	13	7	6	8	11	2.54210526315789	0.0202631578947368	3.675	0.00681818181818182
2	-150	97	1.08333333333333	0.333333333333333	0.75	8	3	5	49	48	4.87216494845361	0.0130927835051546	3.62244897959184	0.00708333333333333
2	-100	1	0.0833333333333333	0	0.0833333333333333	1	0	1	0	1	4.3	0.01	NA	0.01
2	-80	8	0.416666666666667	0.166666666666667	0.25	5	2	3	2	6	2.5	0.032625	2.65	0.0085
2	-60	5	0.333333333333333	0.166666666666667	0.166666666666667	4	2	2	2	3	4.14	0	1.55	0
2	-40	6	0.416666666666667	0.166666666666667	0.25	4	2	2	3	3	2.76666666666667	0.0116666666666667	4.66666666666667	0
2	-20	55	0.833333333333333	0.5	0.333333333333333	7	3	4	36	19	4.32727272727273	0.0232909090909091	4.88611111111111	0.0115789473684211
2	0	38	1.58333333333333	1.16666666666667	0.416666666666667	17	12	5	31	7	3.69736842105263	0.164736842105263	3.60645161290323	0.0271428571428571
2	20	77	1.66666666666667	0.916666666666667	0.75	19	11	8	51	26	5.47142857142857	0.0823376623376623	6.02941176470588	0.0303846153846154
2	40	449	1.5	0.416666666666667	1.08333333333333	14	5	9	14	435	3.57326638359752	0.0269406950846843	4.3	0.027347981823042
2	60	106	3	1.91666666666667	1.08333333333333	25	17	8	63	43	4.48301886792453	0.0547358490566038	4.64285714285714	0.0496744186046512
2	80	28	1	0.583333333333333	0.416666666666667	9	5	4	16	12	4.83928571428571	0.0510714285714286	6.98125	0.005
2	100	76	2.08333333333333	1.16666666666667	0.916666666666667	19	11	8	43	33	4.23289473684211	0.0630263157894737	5.13255813953488	0.0293939393939394
2	150	91	1.91666666666667	1.5	0.333333333333333	16	12	4	76	15	5.25604395604396	0.0316483516483516	5.72236842105263	0.00733333333333333
3	-150	3	0.25	0.166666666666667	0.0833333333333333	3	2	1	2	1	3.63333333333333	0.0333333333333333	4.65	0
3	-100	0	0	0	0	0	0	0	0	0	NA	NA	NA	NA
3	-80	1	0.0833333333333333	0.0833333333333333	0	1	1	0	1	0	1.8	0	1.8	NA
3	-60	5	0.0833333333333333	0	0.0833333333333333	2	0	2	0	5	5.74	0.054	NA	0.054
3	-40	2	0.166666666666667	0.0833333333333333	0.0833333333333333	2	1	1	1	1	3.95	0.005	4.3	0.01
3	-20	7	0.0833333333333333	0	0.0833333333333333	1	0	1	0	7	1.72857142857143	0	NA	0
3	0	32	1.5	0.75	0.75	16	9	7	16	16	4.28125	0.0615625	3.475	0.08375
3	20	223	2.5	1.25	1.25	19	12	7	63	160	4.77391933342101	0.236251121076233	4.63333333333333	0.3180875
3	40	231	4	2.5	1.5	28	19	9	179	52	3.48403559403559	0.0935670995670996	3.2726939788951	0.0324423076923077
3	60	163	3.33333333333333	2.25	1.08333333333333	24	16	8	135	28	4.23315832940066	0.0335521472392638	4.21262820512821	0.0272142857142857
3	80	85	2.66666666666667	1.75	0.916666666666667	24	17	7	59	26	4.8291742081448	0.180141176470588	5.17931877444589	0.0903846153846154
3	100	135	2.41666666666667	1.83333333333333	0.583333333333333	17	13	4	89	46	4.7991746031746	0.294180740740741	5.58651685393258	0.0155304347826087
3	150	152	3.33333333333333	2.33333333333333	1	30	19	11	114	38	3.91513157894737	0.0672697368421053	4.55087719298246	0.0165789473684211
4	-150	111	3.08333333333333	1.41666666666667	1.66666666666667	22	11	11	40	71	2.30540540540541	0.0174324324324324	3.09	0.00328169014084507
4	-100	438	5.33333333333333	2.58333333333333	2.75	33	20	13	135	303	3.88812785388128	0.0136004566210046	3.85037037037037	0.00725742574257426
4	-80	126	2.08333333333333	1.25	0.833333333333333	13	8	5	71	55	2.83253968253968	0.0205238095238095	2.82535211267606	0.0159636363636364
4	-60	289	3.75	1.91666666666667	1.83333333333333	23	15	8	111	178	2.32595155709343	0.00846712802768166	3.06936936936937	0.00324157303370787
4	-40	19	0.416666666666667	0.166666666666667	0.25	4	2	2	2	17	1.33684210526316	0.00315789473684211	2.95	0
4	-20	429	3.41666666666667	2.5	0.916666666666667	25	18	7	298	131	3.02642061642062	0.018571451783248	3.31957867263236	0.00702290076335878
4	0	97	2.16666666666667	1.08333333333333	1.08333333333333	21	11	10	29	68	2.35144329896907	0.0203092783505155	3.73448275862069	0.0172058823529412
4	20	160	3.25	1.83333333333333	1.41666666666667	21	12	9	84	76	2.65875	0.0308625	3.35357142857143	0.00569736842105263
4	40	227	3.66666666666667	1.83333333333333	1.83333333333333	24	13	11	74	153	3.29823788546256	0.0314669603524229	4.16216216216216	0.032156862745098
4	60	209	2.33333333333333	1.41666666666667	0.916666666666667	21	14	7	79	130	2.711004784689	0.0114210526315789	3.11898734177215	0.00801538461538462
4	80	235	2.16666666666667	1.25	0.916666666666667	22	12	10	43	192	4.79948936170213	0.0144851063829787	5.17906976744186	0.013125
4	100	241	3	2.08333333333333	0.916666666666667	23	15	8	205	36	4.59419087136929	0.0479045643153527	4.86146341463415	0.0197222222222222
4	150	173	3.33333333333333	2.33333333333333	1	25	17	8	110	63	3.73179190751445	0.048971098265896	4.40454545454545	0.0259365079365079
5	-150	29	0.5	0.166666666666667	0.333333333333333	6	2	4	5	24	2.99310344827586	0.11448275862069	7.86	0.00291666666666667
5	-100	19	0.25	0.0833333333333333	0.166666666666667	3	1	2	2	17	2.05789473684211	0.053	13.25	0.001
5	-80	95	0.916666666666667	0.416666666666667	0.166666666666667	10	8	2	81	14	2.09894736842105	0.0217207937877481	2.39012345679012	0.000428571428571429
5	-60	28	1.08333333333333	0.833333333333333	0.416666666666667	7	4	3	15	13	2.06785714285714	0.0120357142857143	2.98666666666667	0.000769230769230769
5	-40	30	0.833333333333333	0.416666666666667	0.416666666666667	9	5	4	17	13	6.43	0.359333333333333	9.49411764705882	0
5	-20	36	0.833333333333333	0.333333333333333	0.583333333333333	8	3	5	3	33	3.7	0.00944444444444444	3.16666666666667	0.00909090909090909
5	0	37	1.41666666666667	0.75	0.5	14	9	5	24	13	3.64054054054054	0.0395405405405405	3.775	0.0492307692307692
5	20	188	3.41666666666667	2.33333333333333	1.16666666666667	31	21	10	77	111	3.96170212765957	0.0798351063829787	5.36103896103896	0.0226936936936937
5	40	109	2	1.41666666666667	0.5	16	13	3	100	9	6.5348623853211	0.218045871559633	6.866	0.01
5	60	136	2	1.08333333333333	1.08333333333333	17	8	9	63	73	5.368712484994	0.0580073529411765	7.75555555555556	0.0182054794520548
5	80	31	1.91666666666667	1	0.833333333333333	20	11	9	13	18	4.42903225806452	0.0229032258064516	4.66923076923077	0.00888888888888889
5	100	44	1.41666666666667	1.16666666666667	0.416666666666667	14	12	2	16	28	2.54318181818182	0.0697727272727273	4.4875	0.000357142857142857
5	150	53	2.33333333333333	1.75	0.583333333333333	24	19	5	37	16	4.28679245283019	0.103132075471698	5.27567567567568	0.000625
6	-150	8	0.166666666666667	0.0833333333333333	0.0833333333333333	2	1	1	6	2	2.85	0.01	3.1	0.01
6	-100	5	0.0833333333333333	0	0.0833333333333333	1	0	1	0	5	3.36	0.002	NA	0.002
6	-80	35	0.833333333333333	0.333333333333333	0.5	8	4	4	7	28	3.00285714285714	0.0403714285714286	4.95714285714286	0.0240357142857143
6	-60	0	0	0	0	0	0	0	0	0	NA	NA	NA	NA
6	-40	33	0.416666666666667	0.0833333333333333	0.333333333333333	3	1	2	1	32	1.97575757575758	0.00606060606060606	5.7	0.00625
6	-20	57	0.333333333333333	0	0.333333333333333	2	0	2	0	57	2.95614035087719	0.0128070175438596	NA	0.0128070175438596
6	0	46	1.41666666666667	0.583333333333333	0.833333333333333	13	5	8	12	34	3.24565217391304	0.00826086956521739	3.225	0.00764705882352941
6	20	58	2.16666666666667	1.25	0.916666666666667	18	10	8	28	30	3.67413793103448	0.0551724137931034	4.16428571428571	0.0196666666666667
6	40	419	2.75	1.5	1.25	15	8	7	328	91	3.21439846733515	0.0173890214797136	3.41900292016289	0.0213186813186813
6	60	98	2.25	1.33333333333333	0.916666666666667	21	15	6	33	65	5.70408163265306	0.130408163265306	8.90606060606061	0.00923076923076923
6	80	330	4.16666666666667	1.41666666666667	2.75	31	16	15	32	298	4.00580931263858	0.0405818181818182	6.4125	0.0188657718120805
6	100	49	2.16666666666667	1.41666666666667	0.75	21	14	7	34	15	4.31224489795918	0.120714285714286	4.92647058823529	0.026
6	150	126	2.91666666666667	1.66666666666667	1.25	24	16	8	52	74	3.73492063492063	0.0300793650793651	4.88461538461538	0.00797297297297297
7	-150	138	2.33333333333333	0.916666666666667	1.41666666666667	16	7	9	34	104	2.90942028985507	0.00927536231884058	4.13823529411765	0.00163461538461538
7	-100	38	0.916666666666667	0.583333333333333	0.333333333333333	10	7	3	17	21	2.32368421052632	0.0278947368421053	4.42352941176471	0
7	-80	30	0.333333333333333	0.0833333333333333	0.25	5	2	3	18	12	3.77333333333333	0.0163333333333333	4.42777777777778	0.00416666666666667
7	-60	29	0.833333333333333	0.5	0.333333333333333	9	5	4	19	10	2.41379310344828	0.00758620689655172	2.47894736842105	0.011
7	-40	111	2	0.833333333333333	1.16666666666667	12	6	6	39	72	6.55945945945946	0.0867567567567568	4.17692307692308	0.108888888888889
7	-20	128	1.83333333333333	1.33333333333333	0.5	15	11	4	114	14	4.39746668198529	0.03734375	4.58926083591331	0.00357142857142857
7	0	14	0.5	0.0833333333333333	0.416666666666667	3	1	2	2	12	4.18571428571429	0.0614285714285714	2.5	0.0716666666666667
7	20	45	1.41666666666667	0.833333333333333	0.583333333333333	13	10	3	24	21	3.55555555555556	0.0284444444444444	4.75	0.00476190476190476
7	40	301	3	1.58333333333333	1.41666666666667	21	12	9	226	75	3.50299003322259	0.0284651162790698	3.50973451327434	0.0222666666666667
7	60	45	1	0.416666666666667	0.583333333333333	9	5	4	11	34	1.56888888888889	0.00664444444444444	3.55454545454545	0.00135294117647059
7	80	77	1.91666666666667	1.41666666666667	0.5	15	13	2	58	19	4.50649350649351	0.263571428571429	4.98965517241379	0.00526315789473684
7	100	139	2.58333333333333	1.5	1.08333333333333	21	15	6	43	96	5.15395683453237	0.116330935251799	7.87441860465116	0.05125
7	150	30	2.25	1.16666666666667	1.08333333333333	21	10	11	16	14	6.56666666666667	0.165733333333333	7.35	0.0237142857142857
